0 32
1 16
2 7
3 10
4 7
5 9
6 10
7 10
8 10
9 10
10 10
11 10
12 10
13 12
14 11
15 11
16 11
17 12
18 11
19 11
20 11
21 12
22 12
23 12
24 13
25 12
26 12
27 13
28 15
29 14
30 14
31 14
32 14
33 15
34 14
35 14
36 14
37 15
38 14
39 15
40 14
41 14
42 13
43 14
44 14
45 14
46 15
47 14
48 15
49 15
50 15
51 15
52 14
53 15
54 14
55 15
56 15
57 14
58 15
59 15
60 16
61 16
62 16
63 16
64 17
65 15
66 16
67 17
68 16
69 17
70 17
71 17
72 18
73 18
74 17
75 17
76 18
77 18
78 18
79 21
80 22
81 18
82 19
83 18
84 18
85 18
86 17
87 18
88 18
89 17
90 17
91 27
92 27
93 28
94 29
95 28
96 28
97 28
98 29
99 30
100 29
101 29
102 29
103 30
104 31
105 31
106 30
107 29
108 29
109 31
110 29
111 30
112 30
113 34
114 34
115 34
116 34
117 34
118 36
119 36
120 35
121 35
122 36
123 35
124 36
125 36
126 35
127 35
128 36
129 36
130 35
131 35
132 35
133 36
134 35
135 35
136 35
137 35
138 35
139 35
140 34
141 36
142 36
143 36
144 35
145 35
146 35
147 36
148 35
149 36
150 37
151 36
152 36
153 36
154 36
155 36
156 36
157 36
158 37
159 37
160 36
161 36
162 36
163 36
164 37
165 40
166 37
167 37
168 37
169 38
170 12
171 12
172 13
173 13
174 14
175 13
176 13
177 13
178 12
179 13
180 13
181 12
182 13
183 12
184 13
185 13
186 13
187 15
188 14
189 14
190 15
191 14
192 14
193 15
194 16
195 16
196 15
197 16
198 16
199 16
200 16
201 16
202 18
203 16
204 16
205 16
206 16
207 16
208 16
209 17
210 16
211 17
212 17
213 16
214 16
215 17
216 17
217 17
218 18
219 17
220 18
221 17
222 18
223 18
224 18
225 18
226 24
227 17
228 20
229 18
230 18
231 22
232 18
233 19
234 20
235 20
236 19
237 18
238 19
239 19
240 19
241 20
242 20
243 19
244 19
245 18
246 20
247 19
248 19
249 19
250 19
251 19
252 20
253 19
254 19
255 26
256 19
257 18
258 19
259 19
260 19
261 23
262 18
263 18
264 19
265 19
266 18
267 18
268 20
269 19
270 19
271 27
272 19
273 19
274 19
275 19
276 20
277 21
278 22
279 22
280 23
281 24
282 23
283 23
284 23
285 23
286 23
287 24
288 23
289 23
290 22
291 23
292 23
293 23
294 23
295 22
296 23
297 22
298 26
299 26
300 27
301 26
302 31
303 25
304 25
305 27
306 26
307 25
308 25
309 27
310 27
311 27
312 27
313 28
314 28
315 29
316 28
317 28
318 28
319 28
320 28
321 30
322 28
323 29
324 29
325 29
326 29
327 29
328 28
329 30
330 29
331 29
332 32
333 29
334 31
335 31
336 32
337 31
338 32
339 31
340 32
341 30
342 31
343 32
344 31
345 32
346 32
347 32
348 32
349 32
350 31
351 31
352 33
353 32
354 31
355 31
356 32
357 33
358 34
359 34
360 34
361 34
362 34
363 43
364 42
365 44
366 43
367 44
368 43
369 44
370 45
371 47
372 45
373 46
374 46
375 45
376 44
377 45
378 44
379 45
380 45
381 45
382 45
383 46
384 27
385 26
386 26
387 26
388 26
389 26
390 27
391 26
392 26
393 26
394 27
395 28
396 27
397 32
398 18
399 18
400 17
401 17
402 18
403 18
404 17
405 17
406 18
407 17
408 17
409 19
410 18
411 18
412 17
413 17
414 18
415 18
416 17
417 18
418 17
419 17
420 17
421 18
422 18
423 18
424 18
425 18
426 18
427 19
428 20
429 20
430 21
431 20
432 21
433 21
434 21
435 20
436 21
437 20
438 20
439 21
440 20
441 20
442 21
443 27
444 20
445 20
446 20
447 20
448 21
449 21
450 21
451 5
452 5
453 6
454 5
455 5
456 5
457 5
458 7
459 5
460 5
461 6
462 6
463 7
464 6
465 7
466 7
467 8
468 7
469 7
470 7
471 9
472 7
473 5
474 6
475 7
476 6
477 6
478 6
479 10
480 10
481 10
482 10
483 10
484 10
485 10
486 10
487 10
488 10
489 10
490 10
491 11
492 11
493 11
494 12
495 12
496 12
497 12
498 13
499 13
500 12
501 12
502 12
503 12
504 14
505 13
506 13
507 13
508 13
509 13
510 13
511 14
512 13
513 13
514 13
515 13
516 13
517 13
518 14
519 14
520 14
521 14
522 14
523 14
524 16
525 14
526 14
527 14
528 14
529 14
530 13
531 14
532 15
533 14
534 18
535 15
536 15
537 19
538 15
539 19
540 15
541 15
542 15
543 17
544 17
545 15
546 24
547 16
548 16
549 18
550 16
551 16
552 16
553 16
554 16
555 17
556 16
557 16
558 16
559 16
560 19
561 19
562 20
563 21
564 20
565 20
566 20
567 20
568 20
569 21
570 21
571 21
572 21
573 22
574 21
575 22
576 21
577 21
578 21
579 22
580 22
581 21
582 21
583 22
584 21
585 24
586 21
587 21
588 21
589 21
590 21
591 21
592 21
593 21
594 22
595 26
596 20
597 20
598 21
599 21
600 20
601 20
602 21
603 21
604 20
605 20
606 20
607 22
608 21
609 21
610 22
611 21
612 22
613 22
614 22
615 22
616 22
617 22
618 22
619 22
620 23
621 22
622 22
623 22
624 23
625 23
626 24
627 24
628 25
629 25
630 24
631 24
632 25
633 24
634 25
635 25
636 26
637 17
638 17
639 17
640 17
641 18
642 17
643 17
644 17
645 18
646 17
647 17
648 18
649 17
650 18
651 18
652 18
653 18
654 18
655 18
656 17
657 17
658 6
659 6
660 7
661 7
662 8
663 7
664 6
665 6
666 6
667 6
668 7
669 6
670 7
671 6
672 6
673 8
674 10
675 8
676 9
677 9
678 9
679 10
680 10
681 10
682 10
683 11
684 11
685 11
686 9
687 9
688 9
689 9
690 10
691 11
692 10
693 11
694 10
695 10
696 10
697 10
698 11
699 12
700 13
701 10
702 10
703 11
704 14
705 14
706 5
707 5
708 5
709 5
710 5
711 7
712 6
713 6
714 6
715 6
716 6
717 6
718 6
719 6
720 6
721 6
722 7
723 6
724 7
725 7
726 7
727 7
728 7
729 7
730 7
731 6
732 6
733 7
734 8
735 8
736 10
737 10
738 11
739 12
740 11
741 11
742 11
743 11
744 11
745 15
746 12
747 13
748 12
749 12
750 12
751 12
752 13
753 12
754 13
755 12
756 12
757 12
758 12
759 13
760 12
761 12
762 12
763 12
764 12
765 13
766 12
767 12
768 12
769 12
770 13
771 15
772 14
773 14
774 14
775 15
776 15
777 15
778 15
779 15
780 15
781 15
782 15
783 14
784 15
785 15
786 15
787 15
788 15
789 15
790 16
791 15
792 16
793 15
794 15
795 16
796 16
797 16
798 16
799 17
800 18
801 17
802 17
803 17
804 17
805 17
806 17
807 18
808 18
809 23
810 17
811 17
812 17
813 18
814 18
815 18
816 19
817 19
818 20
819 18
820 19
821 19
822 19
823 19
824 20
825 19
826 22
827 23
828 22
829 23
830 25
831 22
832 23
833 23
834 23
835 23
836 25
837 23
838 23
839 25
840 23
841 23
842 25
843 24
844 23
845 23
846 24
847 24
848 24
849 25
850 24
851 26
852 24
853 24
854 24
855 25
856 24
857 24
858 26
859 25
860 25
861 25
862 26
863 25
864 25
865 26
866 26
867 26
868 26
869 27
870 26
871 26
872 27
873 18
874 21
875 19
876 19
877 19
878 19
879 19
880 21
881 19
882 20
883 20
884 20
885 20
886 20
887 20
888 21
889 20
890 20
891 20
892 21
893 20
894 21
895 21
896 22
897 22
898 27
899 21
900 22
901 21
902 21
903 23
904 22
905 22
906 22
907 22
908 21
909 22
910 22
911 22
912 22
913 22
914 22
915 22
916 22
917 22
918 22
919 22
920 23
921 16
922 15
923 16
924 16
925 16
926 16
927 16
928 17
929 17
930 17
931 18
932 17
933 20
934 17
935 17
936 18
937 18
938 17
939 18
940 18
941 18
942 19
943 18
944 18
945 23
946 18
947 20
948 19
949 19
950 24
951 19
952 19
953 20
954 19
955 20
956 20
957 19
958 19
959 21
960 21
961 20
962 20
963 20
964 21
965 20
966 20
967 20
968 20
969 22
970 21
971 21
972 20
973 23
974 20
975 20
976 21
977 20
978 20
979 21
980 21
981 21
982 16
983 16
984 16
985 21
986 15
987 15
988 15
989 17
990 17
991 17
992 20
993 19
994 20
995 20
996 20
997 20
998 20
999 20
1000 20
1001 25
1002 20
1003 21
1004 21
1005 21
1006 22
1007 22
1008 22
1009 22
1010 22
1011 22
1012 23
1013 23
1014 23
1015 22
1016 23
1017 24
1018 16
1019 18
1020 17
1021 17
1022 18
1023 18
1024 18
1025 18
1026 19
1027 18
1028 18
1029 18
1030 18
1031 18
1032 18
1033 18
1034 18
1035 19
1036 18
1037 19
1038 19
1039 19
1040 19
1041 19
1042 19
1043 18
1044 18
1045 18
1046 18
1047 19
1048 21
1049 19
1050 19
1051 18
1052 20
1053 18
1054 18
1055 18
1056 18
1057 17
1058 19
1059 18
1060 19
1061 18
1062 17
1063 17
1064 23
1065 17
1066 17
1067 17
1068 17
1069 18
1070 17
1071 20
1072 18
1073 17
1074 17
1075 18
1076 18
1077 18
1078 17
1079 17
1080 18
1081 17
1082 17
1083 17
1084 18
1085 19
1086 18
1087 19
1088 18
1089 19
1090 18
1091 19
1092 20
1093 19
1094 19
1095 19
1096 19
1097 18
1098 20
1099 19
1100 19
1101 19
1102 19
1103 19
1104 19
1105 18
1106 20
1107 19
1108 18
1109 18
1110 18
1111 18
1112 18
1113 18
1114 19
1115 18
1116 19
1117 19
1118 19
1119 19
1120 19
1121 19
1122 19
1123 20
1124 20
1125 20
1126 20
1127 20
1128 20
1129 20
1130 21
1131 21
1132 22
1133 23
1134 21
1135 21
1136 21
1137 20
1138 20
1139 23
1140 22
1141 21
1142 22
1143 22
1144 22
1145 23
1146 22
1147 22
1148 22
1149 18
1150 18
1151 19
1152 18
1153 19
1154 18
1155 18
1156 22
1157 23
1158 21
1159 21
1160 22
1161 21
1162 21
1163 22
1164 24
1165 21
1166 21
1167 24
1168 22
1169 23
1170 23
1171 24
1172 24
1173 24
1174 24
1175 25
1176 24
1177 24
1178 24
1179 24
1180 24
1181 23
1182 24
1183 24
1184 26
1185 25
1186 25
1187 25
1188 25
1189 26
1190 25
1191 25
1192 26
1193 25
1194 26
1195 26
1196 25
1197 6
1198 7
1199 8
1200 7
1201 8
1202 8
1203 8
1204 9
1205 8
1206 8
1207 9
1208 9
1209 8
1210 8
1211 8
1212 8
1213 8
1214 8
1215 8
1216 8
1217 9
1218 9
1219 9
1220 9
1221 9
1222 9
1223 9
1224 10
1225 10
1226 13
1227 13
1228 14
1229 14
1230 14
1231 14
1232 14
1233 14
1234 14
1235 17
1236 14
1237 14
1238 15
1239 15
1240 15
1241 16
1242 15
1243 16
1244 15
1245 16
1246 15
1247 16
1248 16
1249 17
1250 18
1251 19
1252 18
1253 18
1254 19
1255 22
1256 20
1257 19
1258 20
1259 20
1260 21
1261 20
1262 19
1263 19
1264 19
1265 21
1266 20
1267 24
1268 23
1269 23
1270 24
1271 23
1272 24
1273 24
1274 24
1275 24
1276 24
1277 25
1278 23
1279 23
1280 25
1281 25
1282 25
1283 24
1284 24
1285 24
1286 24
1287 23
1288 23
1289 23
1290 23
1291 23
1292 24
1293 24
1294 23
1295 23
1296 24
1297 24
1298 31
1299 23
1300 23
1301 25
1302 24
1303 25
1304 24
1305 25
1306 24
1307 24
1308 26
1309 25
1310 25
1311 25
1312 24
1313 25
1314 24
1315 25
1316 25
1317 24
1318 24
1319 25
1320 25
1321 25
1322 26
1323 25
1324 25
1325 26
1326 25
1327 26
1328 26
1329 25
1330 25
1331 26
1332 26
1333 26
1334 26
1335 27
1336 27
1337 31
1338 28
1339 28
1340 28
1341 28
1342 29
1343 29
1344 30
1345 30
1346 30
1347 31
1348 33
1349 25
1350 25
1351 25
1352 25
1353 25
1354 26
1355 26
1356 26
1357 27
1358 28
1359 29
1360 26
1361 26
1362 26
1363 27
1364 28
1365 27
1366 29
1367 27
1368 28
1369 27
1370 27
1371 27
1372 27
1373 27
1374 27
1375 27
1376 27
1377 27
1378 27
1379 28
1380 27
1381 27
1382 27
1383 29
1384 27
1385 27
1386 27
1387 27
1388 26
1389 27
1390 28
1391 29
1392 27
1393 28
1394 29
1395 28
1396 28
1397 28
1398 28
1399 28
1400 28
1401 28
1402 30
1403 29
1404 29
1405 29
1406 28
1407 35
1408 29
1409 29
1410 29
1411 28
1412 28
1413 30
1414 30
1415 29
1416 29
1417 29
1418 29
1419 29
1420 29
1421 30
1422 29
1423 30
1424 29
1425 30
1426 30
1427 30
1428 31
1429 31
1430 30
1431 30
1432 33
1433 36
1434 32
1435 33
1436 33
1437 35
1438 34
1439 34
1440 35
1441 33
1442 33
1443 36
1444 33
1445 34
1446 34
1447 33
1448 33
1449 34
1450 34
1451 33
1452 33
1453 33
1454 33
1455 33
1456 33
1457 33
1458 34
1459 33
1460 33
1461 33
1462 35
1463 33
1464 33
1465 32
1466 32
1467 36
1468 32
1469 34
1470 33
1471 33
1472 32
1473 33
1474 33
1475 33
1476 33
1477 35
1478 34
1479 35
1480 35
1481 36
1482 35
1483 36
1484 36
1485 36
1486 37
1487 37
1488 38
1489 27
1490 27
1491 28
1492 24
1493 28
1494 24
1495 25
1496 24
1497 24
1498 24
1499 25
1500 26
1501 25
1502 26
1503 25
1504 27
1505 24
1506 25
1507 25
1508 25
1509 24
1510 24
1511 27
1512 24
1513 25
1514 25
1515 25
1516 25
1517 26
1518 26
1519 27
1520 26
1521 26
1522 25
1523 25
1524 25
1525 26
1526 34
1527 26
1528 26
1529 26
1530 27
1531 30
1532 28
1533 28
1534 28
1535 27
1536 30
1537 27
1538 27
1539 28
1540 28
1541 28
1542 28
1543 28
1544 28
1545 29
1546 38
1547 30
1548 28
1549 20
1550 17
1551 17
1552 18
1553 18
1554 18
1555 17
1556 18
1557 18
1558 34
1559 18
1560 18
1561 18
1562 17
1563 17
1564 18
1565 27
1566 17
1567 18
1568 18
1569 18
1570 18
1571 18
1572 19
1573 17
1574 17
1575 18
1576 18
1577 18
1578 18
1579 18
1580 18
1581 19
1582 20
1583 19
1584 19
1585 19
1586 18
1587 23
1588 23
1589 24
1590 24
1591 25
1592 28
1593 26
1594 27
1595 27
1596 27
1597 28
1598 30
1599 30
1600 29
1601 29
1602 29
1603 30
1604 32
1605 30
1606 30
1607 30
1608 30
1609 30
1610 29
1611 31
1612 29
1613 29
1614 29
1615 30
1616 30
1617 29
1618 29
1619 30
1620 30
1621 30
1622 30
1623 30
1624 29
1625 30
1626 30
1627 30
1628 30
1629 31
1630 33
1631 31
1632 30
1633 31
1634 30
1635 31
1636 31
1637 31
1638 30
1639 31
1640 31
1641 31
1642 31
1643 30
1644 33
1645 32
1646 32
1647 32
1648 33
1649 32
1650 31
1651 31
1652 33
1653 32
1654 32
1655 32
1656 32
1657 34
1658 32
1659 32
1660 32
1661 31
1662 27
1663 25
1664 25
1665 27
1666 25
1667 25
1668 25
1669 26
1670 26
1671 25
1672 25
1673 25
1674 29
1675 29
1676 29
1677 29
1678 28
1679 29
1680 29
1681 29
1682 29
1683 32
1684 29
1685 29
1686 31
1687 30
1688 30
1689 30
1690 30
1691 29
1692 29
1693 30
1694 29
1695 29
1696 30
1697 31
1698 30
1699 30
1700 30
1701 30
1702 31
1703 31
1704 30
1705 30
1706 31
1707 30
1708 31
1709 31
1710 31
1711 31
1712 31
1713 31
1714 31
1715 32
1716 30
1717 31
1718 30
1719 30
1720 30
1721 30
1722 30
1723 31
1724 31
1725 31
1726 31
1727 36
1728 33
1729 33
1730 33
1731 34
1732 37
1733 34
1734 35
1735 34
1736 34
1737 35
1738 36
1739 34
1740 35
1741 35
1742 35
1743 35
1744 36
1745 35
1746 36
1747 36
1748 36
1749 36
1750 35
1751 39
1752 35
1753 35
1754 35
1755 36
1756 35
1757 35
1758 36
1759 36
1760 35
1761 35
1762 35
1763 35
1764 36
1765 36
1766 36
1767 35
1768 35
1769 35
1770 36
1771 35
1772 35
1773 35
1774 36
1775 36
1776 35
1777 35
1778 35
1779 35
1780 35
1781 38
1782 37
1783 39
1784 39
1785 43
1786 47
1787 49
1788 55
1789 41
1790 40
1791 41
1792 40
1793 40
1794 45
1795 40
1796 40
1797 41
1798 40
1799 41
1800 41
1801 41
1802 41
1803 41
1804 41
1805 41
1806 44
1807 41
1808 41
1809 42
1810 42
1811 41
1812 42
1813 42
1814 43
1815 44
1816 43
1817 43
1818 42
1819 42
1820 43
1821 42
1822 42
1823 42
1824 42
1825 42
1826 42
1827 43
1828 41
1829 42
1830 43
1831 101
1832 101
1833 97
1834 98
1835 97
1836 98
1837 14
1838 14
1839 16
1840 16
1841 16
1842 16
1843 17
1844 17
1845 17
1846 17
1847 16
1848 17
1849 21
1850 17
1851 17
1852 17
1853 17
1854 9
1855 10
1856 9
1857 9
1858 9
1859 9
1860 9
1861 9
1862 9
1863 9
1864 9
1865 9
1866 8
1867 9
1868 9
1869 10
1870 9
1871 8
1872 8
1873 9
1874 9
1875 9
1876 9
1877 9
1878 9
1879 10
1880 10
1881 10
1882 10
1883 9
1884 9
1885 10
1886 11
1887 10
1888 9
1889 9
1890 10
1891 9
1892 9
1893 10
1894 10
1895 9
1896 9
1897 10
1898 9
1899 9
1900 9
1901 10
1902 10
1903 10
1904 11
1905 12
1906 11
1907 12
1908 11
1909 11
1910 11
1911 11
1912 11
1913 11
1914 12
1915 12
1916 8
1917 8
1918 8
1919 8
1920 8
1921 9
1922 9
1923 9
1924 9
1925 9
1926 9
1927 10
1928 9
1929 9
1930 9
1931 11
1932 11
1933 11
1934 12
1935 12
1936 12
1937 12
1938 12
1939 12
1940 12
1941 12
1942 12
1943 12
1944 12
1945 14
1946 14
1947 14
1948 14
1949 13
1950 14
1951 14
1952 14
1953 14
1954 14
1955 15
1956 18
1957 18
1958 18
1959 20
1960 19
1961 20
1962 31
1963 30
1964 30
1965 32
1966 31
1967 30
1968 29
1969 30
1970 28
1971 27
1972 33
1973 34
1974 22
1975 23
1976 22
1977 21
1978 21
1979 21
1980 22
1981 22
1982 21
1983 21
1984 24
1985 21
1986 21
1987 21
1988 21
1989 21
1990 21
1991 20
1992 21
1993 21
1994 21
1995 21
1996 22
1997 23
1998 22
1999 23
2000 24
2001 23
2002 24
2003 23
2004 24
2005 25
2006 25
2007 25
2008 25
2009 25
2010 25
2011 25
2012 25
2013 25
2014 26
2015 25
2016 25
2017 25
2018 25
2019 25
2020 25
2021 25
2022 25
2023 25
2024 25
2025 25
2026 25
2027 26
2028 27
2029 26
2030 26
2031 26
2032 26
2033 26
2034 26
2035 26
2036 26
2037 26
2038 27
2039 26
2040 26
2041 26
2042 26
2043 26
2044 26
2045 27
2046 27
2047 27
2048 27
2049 27
2050 28
2051 28
2052 33
2053 28
2054 27
2055 28
2056 27
2057 28
2058 28
2059 28
2060 28
2061 28
2062 28
2063 28
2064 28
2065 28
2066 27
2067 32
2068 32
2069 33
2070 36
2071 33
2072 33
2073 33
2074 33
2075 33
2076 34
2077 37
2078 33
2079 35
2080 35
2081 35
2082 36
2083 36
2084 35
2085 36
2086 36
2087 38
2088 38
2089 39
2090 38
2091 38
2092 38
2093 39
2094 38
2095 38
2096 39
2097 39
2098 39
2099 38
2100 38
2101 38
2102 39
2103 38
2104 38
2105 38
2106 39
2107 39
2108 38
2109 38
2110 35
2111 35
2112 35
2113 35
2114 26
2115 26
2116 26
2117 26
2118 25
2119 25
2120 25
2121 25
2122 28
2123 26
2124 25
2125 25
2126 24
2127 26
2128 26
2129 25
2130 25
2131 26
2132 25
2133 25
2134 25
2135 25
2136 25
2137 25
2138 25
2139 26
2140 25
2141 25
2142 25
2143 25
2144 25
2145 26
2146 26
2147 26
2148 26
2149 26
2150 26
2151 26
2152 27
2153 27
2154 27
2155 27
2156 27
2157 27
2158 27
2159 27
2160 27
2161 27
2162 27
2163 27
2164 27
2165 27
2166 27
2167 31
2168 27
2169 30
2170 30
2171 29
2172 30
2173 30
2174 30
2175 30
2176 30
2177 31
2178 31
2179 30
2180 31
2181 31
2182 31
2183 31
2184 31
2185 31
2186 30
2187 31
2188 31
2189 31
2190 30
2191 33
2192 31
2193 31
2194 30
2195 31
2196 31
2197 33
2198 34
2199 34
2200 35
2201 35
2202 35
2203 36
2204 36
2205 36
2206 35
2207 37
2208 39
2209 37
2210 37
2211 38
2212 38
2213 38
2214 38
2215 39
2216 39
2217 39
2218 38
2219 38
2220 38
2221 38
2222 38
2223 40
2224 38
2225 27
2226 28
2227 28
2228 29
2229 28
2230 29
2231 28
2232 29
2233 29
2234 29
2235 28
2236 29
2237 29
2238 29
2239 32
2240 32
2241 32
2242 32
2243 34
2244 33
2245 32
2246 32
2247 32
2248 32
2249 32
2250 33
2251 32
2252 33
2253 32
2254 33
2255 33
2256 32
2257 34
2258 35
2259 35
2260 36
2261 37
2262 41
2263 37
2264 37
2265 37
2266 39
2267 38
2268 37
2269 37
2270 36
2271 37
2272 38
2273 38
2274 38
2275 38
2276 37
2277 37
2278 37
2279 38
2280 38
2281 37
2282 38
2283 37
2284 37
2285 37
2286 38
2287 38
2288 38
2289 37
2290 37
2291 38
2292 37
2293 38
2294 37
2295 37
2296 37
2297 37
2298 37
2299 39
2300 36
2301 37
2302 36
2303 36
2304 36
2305 36
2306 35
2307 35
2308 35
2309 35
2310 36
2311 36
2312 36
2313 31
2314 30
2315 30
2316 31
2317 30
2318 31
2319 30
2320 30
2321 30
2322 30
2323 30
2324 32
2325 32
2326 32
2327 32
2328 32
2329 31
2330 33
2331 33
2332 32
2333 32
2334 34
2335 33
2336 32
2337 35
2338 35
2339 35
2340 35
2341 36
2342 35
2343 37
2344 35
2345 36
2346 35
2347 35
2348 36
2349 36
2350 36
2351 36
2352 35
2353 35
2354 35
2355 34
2356 36
2357 37
2358 36
2359 36
2360 36
2361 37
2362 38
2363 36
2364 36
2365 36
2366 37
2367 37
2368 37
2369 37
2370 38
2371 39
2372 40
2373 39
2374 39
2375 39
2376 39
2377 40
2378 45
2379 40
2380 40
2381 40
2382 40
2383 40
2384 41
2385 40
2386 40
2387 39
2388 39
2389 40
2390 40
2391 41
2392 40
2393 40
2394 39
2395 39
2396 40
2397 40
2398 41
2399 40
2400 39
2401 40
2402 40
2403 40
2404 40
2405 40
2406 40
2407 41
2408 40
2409 41
2410 41
2411 41
2412 42
2413 42
2414 42
2415 44
2416 42
2417 42
2418 42
2419 42
2420 41
2421 41
2422 42
2423 41
2424 41
2425 42
2426 42
2427 42
2428 42
2429 43
2430 42
2431 43
2432 42
2433 43
2434 46
2435 46
2436 46
2437 47
2438 47
2439 46
2440 47
2441 45
2442 45
2443 45
2444 45
2445 45
2446 47
2447 47
2448 46
2449 46
2450 48
2451 46
2452 46
2453 47
2454 46
2455 47
2456 46
2457 46
2458 47
2459 47
2460 48
2461 46
2462 47
2463 47
2464 48
2465 50
2466 49
2467 49
2468 48
2469 50
2470 50
2471 45
2472 44
2473 44
2474 44
2475 44
2476 44
2477 43
2478 43
2479 43
2480 42
2481 43
2482 42
2483 43
2484 44
2485 43
2486 43
2487 43
2488 43
2489 43
2490 43
2491 44
2492 44
2493 44
2494 44
2495 45
2496 45
2497 45
2498 37
2499 37
2500 36
2501 42
2502 36
2503 36
2504 36
2505 36
2506 37
2507 36
2508 37
2509 36
2510 36
2511 36
2512 36
2513 35
2514 36
2515 36
2516 36
2517 35
2518 36
2519 36
2520 36
2521 38
2522 36
2523 36
2524 36
2525 36
2526 36
2527 36
2528 37
2529 36
2530 36
2531 36
2532 38
2533 36
2534 39
2535 39
2536 38
2537 39
2538 39
2539 41
2540 40
2541 40
2542 39
2543 39
2544 39
2545 40
2546 39
2547 39
2548 39
2549 39
2550 39
2551 39
2552 39
2553 39
2554 39
2555 39
2556 39
2557 39
2558 39
2559 39
2560 39
2561 39
2562 39
2563 40
2564 39
2565 39
2566 39
2567 40
2568 40
2569 40
2570 39
2571 39
2572 39
2573 41
2574 40
2575 40
2576 41
2577 41
2578 41
2579 41
2580 41
2581 40
2582 41
2583 41
2584 44
2585 42
2586 44
2587 42
2588 43
2589 42
2590 43
2591 43
2592 44
2593 43
2594 44
2595 44
2596 44
2597 43
2598 43
2599 43
2600 48
2601 44
2602 43
2603 43
2604 43
2605 43
2606 42
2607 43
2608 43
2609 43
2610 42
2611 43
2612 43
2613 42
2614 42
2615 43
2616 42
2617 42
2618 46
2619 37
2620 39
2621 38
2622 39
2623 39
2624 39
2625 39
2626 40
2627 39
2628 39
2629 39
2630 39
2631 40
2632 40
2633 40
2634 40
2635 40
2636 40
2637 40
2638 40
2639 39
2640 42
2641 40
2642 40
2643 41
2644 41
2645 41
2646 41
2647 41
2648 41
2649 42
2650 43
2651 41
2652 43
2653 42
2654 42
2655 41
2656 41
2657 41
2658 42
2659 42
2660 44
2661 43
2662 45
2663 45
2664 47
2665 48
2666 49
2667 49
2668 50
2669 51
2670 53
2671 53
2672 52
2673 55
2674 62
2675 64
2676 65
2677 73
2678 66
2679 16
2680 17
2681 17
2682 17
2683 16
2684 18
2685 17
2686 17
2687 17
2688 17
2689 18
2690 18
2691 18
2692 17
2693 17
2694 17
2695 17
2696 18
2697 19
2698 20
2699 20
2700 21
2701 20
2702 20
2703 21
2704 21
2705 20
2706 21
2707 21
2708 20
2709 20
2710 20
2711 21
2712 21
2713 20
2714 20
2715 20
2716 20
2717 20
2718 21
2719 20
2720 20
2721 20
2722 20
2723 21
2724 20
2725 20
2726 24
2727 24
2728 24
2729 24
2730 26
2731 25
2732 25
2733 24
2734 25
2735 25
2736 25
2737 25
2738 25
2739 24
2740 24
2741 25
2742 25
2743 25
2744 25
2745 25
2746 25
2747 25
2748 25
2749 26
2750 26
2751 26
2752 25
2753 25
2754 25
2755 26
2756 25
2757 25
2758 25
2759 25
2760 26
2761 31
2762 26
2763 27
2764 27
2765 27
2766 27
2767 27
2768 29
2769 27
2770 27
2771 27
2772 27
2773 27
2774 27
2775 27
2776 27
2777 28
2778 28
2779 15
2780 15
2781 15
2782 15
2783 15
2784 15
2785 15
2786 15
2787 14
2788 15
2789 15
2790 15
2791 15
2792 14
2793 18
2794 18
2795 18
2796 18
2797 20
2798 20
2799 21
2800 20
2801 20
2802 20
2803 20
2804 19
2805 19
2806 21
2807 20
2808 20
2809 21
2810 20
2811 21
2812 20
2813 21
2814 21
2815 20
2816 21
2817 21
2818 20
2819 21
2820 22
2821 21
2822 22
2823 23
2824 23
2825 23
2826 23
2827 10
2828 11
2829 11
2830 11
2831 11
2832 11
2833 11
2834 11
2835 11
2836 12
2837 11
2838 6
2839 6
2840 6
2841 6
2842 8
2843 7
2844 7
2845 7
2846 7
2847 7
2848 7
2849 8
2850 7
2851 7
2852 7
2853 7
2854 8
2855 7
2856 8
2857 8
2858 8
2859 8
2860 8
2861 8
2862 8
2863 9
2864 8
2865 8
2866 8
2867 9
2868 9
2869 9
2870 8
2871 8
2872 8
2873 8
2874 8
2875 8
2876 9
2877 8
2878 8
2879 8
2880 8
2881 8
2882 8
2883 9
2884 9
2885 10
2886 10
2887 11
2888 11
2889 12
2890 12
2891 12
2892 12
2893 12
2894 13
2895 13
2896 13
2897 13
2898 13
2899 14
2900 13
2901 13
2902 13
2903 13
2904 13
2905 12
2906 13
2907 13
2908 13
2909 13
2910 13
2911 13
2912 14
2913 14
2914 14
2915 14
2916 14
2917 14
2918 15
2919 14
2920 13
2921 14
2922 14
2923 14
2924 14
2925 14
2926 14
2927 14
2928 15
2929 14
2930 16
2931 17
2932 17
2933 16
2934 16
2935 17
2936 17
2937 20
2938 16
2939 16
2940 18
2941 16
2942 16
2943 16
2944 16
2945 16
2946 20
2947 14
2948 13
2949 14
2950 14
2951 14
2952 14
2953 14
2954 14
2955 14
2956 14
2957 13
2958 16
2959 15
2960 15
2961 16
2962 16
2963 17
2964 16
2965 16
2966 17
2967 17
2968 16
2969 17
2970 16
2971 17
2972 12
2973 12
2974 12
2975 13
2976 13
2977 12
2978 12
2979 12
2980 12
2981 13
2982 13
2983 13
2984 13
2985 13
2986 12
2987 13
2988 13
2989 13
2990 13
2991 13
2992 13
2993 14
2994 13
2995 14
2996 14
2997 14
2998 14
2999 13
3000 14
3001 14
3002 15
3003 14
3004 14
3005 15
3006 14
3007 14
3008 14
3009 15
3010 16
3011 15
3012 15
3013 15
3014 15
3015 15
3016 15
3017 15
3018 16
3019 16
3020 16
3021 16
3022 16
3023 16
3024 17
3025 17
3026 17
3027 17
3028 16
3029 16
3030 17
3031 17
3032 17
3033 17
3034 16
3035 17
3036 17
3037 17
3038 17
3039 17
3040 18
3041 17
3042 18
3043 18
3044 ===============End
3045 of
3046 Game===============================
3047 ==============Start
3048 of
3049 Game==============================
3050 only
3051 displayed
3052 if
3053 the
3054 log
3055 was
3056 written
3057 to
3058 during
3059 the
3060 game.
3061 30
3062 11
3063 8
3064 7
3065 9
3066 7
3067 7
3068 8
3069 8
3070 9
3071 8
3072 8
3073 8
3074 8
3075 9
3076 8
3077 9
3078 9
3079 9
3080 9
3081 10
3082 9
3083 9
3084 10
3085 10
3086 10
3087 12
3088 11
3089 11
3090 11
3091 11
3092 11
3093 12
3094 11
3095 11
3096 11
3097 11
3098 11
3099 11
3100 12
3101 13
3102 12
3103 12
3104 13
3105 13
3106 13
3107 13
3108 14
3109 13
3110 13
3111 13
3112 13
3113 14
3114 14
3115 14
3116 14
3117 14
3118 14
3119 15
3120 14
3121 14
3122 14
3123 15
3124 15
3125 16
3126 15
3127 16
3128 13
3129 12
3130 14
3131 13
3132 13
3133 13
3134 16
3135 13
3136 13
3137 13
3138 14
3139 13
3140 13
3141 13
3142 13
3143 13
3144 14
3145 13
3146 13
3147 13
3148 14
3149 14
3150 15
3151 16
3152 16
3153 15
3154 15
3155 15
3156 15
3157 16
3158 15
3159 16
3160 16
3161 16
3162 16
3163 15
3164 15
3165 16
3166 16
3167 16
3168 16
3169 16
3170 16
3171 10
3172 12
3173 11
3174 11
3175 11
3176 11
3177 10
3178 11
3179 11
3180 14
3181 11
3182 11
3183 10
3184 11
3185 11
3186 12
3187 12
3188 16
3189 12
3190 12
3191 11
3192 13
3193 12
3194 12
3195 12
3196 13
3197 13
3198 13
3199 16
3200 14
3201 13
3202 13
3203 16
3204 14
3205 16
3206 16
3207 17
3208 17
3209 17
3210 17
3211 16
3212 17
3213 17
3214 17
3215 16
3216 16
3217 16
3218 18
3219 17
3220 17
3221 18
3222 17
3223 17
3224 17
3225 21
3226 18
3227 17
3228 17
3229 18
3230 18
3231 19
3232 18
3233 17
3234 18
3235 18
3236 18
3237 18
3238 18
3239 18
3240 19
3241 18
3242 18
3243 18
3244 18
3245 18
3246 19
3247 18
3248 18
3249 16
3250 16
3251 17
3252 17
3253 21
3254 17
3255 18
3256 17
3257 16
3258 16
3259 17
3260 17
3261 17
3262 17
3263 18
3264 19
3265 18
3266 17
3267 18
3268 19
3269 17
3270 17
3271 17
3272 17
3273 17
3274 18
3275 17
3276 17
3277 17
3278 18
3279 17
3280 18
3281 17
3282 18
3283 20
3284 28
3285 20
3286 19
3287 20
3288 19
3289 21
3290 20
3291 20
3292 20
3293 21
3294 23
3295 27
3296 23
3297 24
3298 25
3299 24
3300 25
3301 25
3302 24
3303 26
3304 26
3305 27
3306 28
3307 28
3308 29
3309 28
3310 28
3311 30
3312 33
3313 31
3314 32
3315 32
3316 32
3317 32
3318 32
3319 33
3320 31
3321 33
3322 33
3323 32
3324 32
3325 32
3326 32
3327 31
3328 33
3329 32
3330 33
3331 34
3332 33
3333 33
3334 34
3335 33
3336 33
3337 32
3338 39
3339 33
3340 33
3341 32
3342 33
3343 34
3344 33
3345 33
3346 33
3347 35
3348 33
3349 33
3350 34
3351 34
3352 35
3353 34
3354 33
3355 33
3356 35
3357 34
3358 33
3359 33
3360 35
3361 33
3362 35
3363 36
3364 35
3365 35
3366 34
3367 35
3368 35
3369 35
3370 34
3371 34
3372 35
3373 35
3374 34
3375 39
3376 90
3377 91
3378 86
3379 11
3380 11
3381 11
3382 13
3383 12
3384 12
3385 12
3386 13
3387 12
3388 12
3389 11
3390 12
3391 11
3392 11
3393 12
3394 12
3395 12
3396 13
3397 12
3398 13
3399 13
3400 13
3401 12
3402 13
3403 12
3404 12
3405 12
3406 13
3407 12
3408 12
3409 12
3410 12
3411 12
3412 12
3413 12
3414 12
3415 12
3416 12
3417 12
3418 12
3419 12
3420 12
3421 12
3422 11
3423 13
3424 13
3425 13
3426 13
3427 13
3428 13
3429 13
3430 13
3431 13
3432 13
3433 15
3434 15
3435 15
3436 16
3437 16
3438 16
3439 16
3440 17
3441 17
3442 18
3443 18
3444 17
3445 16
3446 16
3447 17
3448 17
3449 16
3450 16
3451 17
3452 17
3453 17
3454 17
3455 18
3456 17
3457 17
3458 17
3459 17
3460 17
3461 17
3462 17
3463 17
3464 20
3465 17
3466 17
3467 17
3468 17
3469 17
3470 16
3471 16
3472 17
3473 18
3474 18
3475 18
3476 19
3477 19
3478 20
3479 20
3480 19
3481 19
3482 19
3483 19
3484 19
3485 19
3486 19
3487 19
3488 20
3489 19
3490 19
3491 19
3492 19
3493 20
3494 20
3495 19
3496 14
3497 14
3498 15
3499 14
3500 14
3501 14
3502 14
3503 15
3504 15
3505 17
3506 15
3507 15
3508 15
3509 14
3510 15
3511 15
3512 15
3513 16
3514 20
3515 20
3516 20
3517 21
3518 21
3519 21
3520 21
3521 21
3522 21
3523 22
3524 22
3525 22
3526 22
3527 22
3528 22
3529 22
3530 22
3531 22
3532 22
3533 22
3534 22
3535 22
3536 22
3537 22
3538 22
3539 22
3540 22
3541 21
3542 22
3543 21
3544 23
3545 22
3546 22
3547 22
3548 23
3549 22
3550 25
3551 23
3552 23
3553 24
3554 24
3555 24
3556 24
3557 24
3558 24
3559 23
3560 23
3561 23
3562 23
3563 24
3564 24
3565 23
3566 24
3567 24
3568 25
3569 24
3570 24
3571 24
3572 24
3573 24
3574 25
3575 25
3576 25
3577 24
3578 24
3579 24
3580 24
3581 25
3582 24
3583 24
3584 24
3585 24
3586 25
3587 25
3588 28
3589 26
3590 25
3591 26
3592 26
3593 27
3594 27
3595 27
3596 26
3597 26
3598 28
3599 29
3600 29
3601 29
3602 29
3603 29
3604 30
3605 29
3606 29
3607 29
3608 30
3609 30
3610 29
3611 29
3612 29
3613 29
3614 29
3615 29
3616 30
3617 30
3618 29
3619 30
3620 30
3621 30
3622 31
3623 31
3624 31
3625 31
3626 31
3627 30
3628 31
3629 31
3630 31
3631 31
3632 31
3633 31
3634 31
3635 32
3636 31
3637 31
3638 31
3639 31
3640 34
3641 34
3642 35
3643 34
3644 34
3645 35
3646 34
3647 35
3648 35
3649 35
3650 21
3651 21
3652 21
3653 21
3654 21
3655 22
3656 22
3657 22
3658 23
3659 22
3660 23
3661 23
3662 23
3663 23
3664 23
3665 24
3666 24
3667 24
3668 23
3669 24
3670 24
3671 25
3672 25
3673 25
3674 25
3675 25
3676 25
3677 25
3678 26
3679 26
3680 25
3681 25
3682 26
3683 25
3684 25
3685 25
3686 25
3687 25
3688 25
3689 25
3690 25
3691 25
3692 25
3693 25
3694 26
3695 26
3696 26
3697 26
3698 26
3699 26
3700 26
3701 26
3702 27
3703 26
3704 27
3705 26
3706 27
3707 27
3708 26
3709 26
3710 26
3711 27
3712 26
3713 27
3714 26
3715 26
3716 27
3717 32
3718 28
3719 32
3720 31
3721 32
3722 31
3723 31
3724 32
3725 32
3726 32
3727 32
3728 32
3729 33
3730 33
3731 34
3732 34
3733 35
3734 34
3735 34
3736 34
3737 35
3738 35
3739 35
3740 35
3741 35
3742 35
3743 35
3744 35
3745 35
3746 37
3747 35
3748 36
3749 36
3750 36
3751 36
3752 37
3753 36
3754 36
3755 36
3756 36
3757 36
3758 38
3759 37
3760 37
3761 37
3762 37
3763 38
3764 37
3765 37
3766 37
3767 37
3768 30
3769 30
3770 30
3771 30
3772 29
3773 29
3774 35
3775 29
3776 29
3777 30
3778 31
3779 31
3780 30
3781 30
3782 30
3783 31
3784 31
3785 30
3786 31
3787 30
3788 31
3789 31
3790 31
3791 32
3792 32
3793 33
3794 33
3795 33
3796 33
3797 34
3798 34
3799 33
3800 33
3801 52
3802 32
3803 33
3804 33
3805 33
3806 33
3807 33
3808 33
3809 33
3810 34
3811 34
3812 34
3813 34
3814 36
3815 36
3816 36
3817 35
3818 36
3819 36
3820 37
3821 36
3822 38
3823 37
3824 36
3825 37
3826 36
3827 37
3828 36
3829 36
3830 37
3831 36
3832 36
3833 37
3834 36
3835 28
3836 29
3837 30
3838 29
3839 29
3840 28
3841 29
3842 29
3843 30
3844 29
3845 29
3846 29
3847 30
3848 51
3849 49
3850 49
3851 49
3852 49
3853 50
3854 51
3855 49
3856 52
3857 50
3858 63
3859 63
3860 62
3861 63
3862 61
3863 63
3864 64
3865 59
3866 14
3867 15
3868 14
3869 14
3870 14
3871 15
3872 14
3873 16
3874 15
3875 15
3876 15
3877 15
3878 15
3879 17
3880 22
3881 17
3882 18
3883 18
3884 18
3885 20
3886 19
3887 19
3888 19
3889 19
3890 20
3891 21
3892 21
3893 22
3894 21
3895 21
3896 21
3897 21
3898 26
3899 21
3900 21
3901 21
3902 24
3903 24
3904 25
3905 25
3906 25
3907 26
3908 26
3909 26
3910 26
3911 25
3912 27
3913 26
3914 26
3915 27
3916 26
3917 26
3918 26
3919 26
3920 26
3921 29
3922 25
3923 26
3924 26
3925 28
3926 25
3927 25
3928 26
3929 26
3930 27
3931 25
3932 25
3933 25
3934 25
3935 25
3936 25
3937 25
3938 25
3939 26
3940 27
3941 26
3942 29
3943 29
3944 29
3945 29
3946 29
3947 29
3948 18
3949 18
3950 18
3951 19
3952 19
3953 19
3954 19
3955 19
3956 19
3957 12
3958 12
3959 13
3960 13
3961 13
3962 18
3963 18
3964 18
3965 19
3966 19
3967 19
3968 19
3969 20
3970 18
3971 21
3972 21
3973 22
3974 21
3975 21
3976 21
3977 22
3978 23
3979 21
3980 22
3981 22
3982 22
3983 22
3984 22
3985 22
3986 22
3987 22
3988 22
3989 23
3990 23
3991 25
3992 23
3993 23
3994 23
3995 23
3996 24
3997 23
3998 23
3999 24
4000 22
4001 24
4002 23
4003 23
4004 23
4005 23
4006 22
4007 24
4008 23
4009 25
4010 24
4011 24
4012 27
4013 25
4014 25
4015 25
4016 24
4017 25
4018 25
4019 25
4020 24
4021 25
4022 25
4023 29
4024 24
4025 24
4026 25
4027 24
4028 24
4029 24
4030 25
4031 25
4032 25
4033 24
4034 24
4035 24
4036 24
4037 26
4038 25
4039 26
4040 27
4041 26
4042 26
4043 26
4044 26
4045 28
4046 26
4047 26
4048 26
4049 26
4050 26
4051 26
4052 26
4053 29
4054 27
4055 27
4056 27
4057 30
4058 28
4059 28
4060 28
4061 28
4062 28
4063 28
4064 32
4065 28
4066 29
4067 29
4068 28
4069 29
4070 31
4071 31
4072 32
4073 32
4074 32
4075 32
4076 32
4077 32
4078 32
4079 32
4080 32
4081 32
4082 32
4083 33
4084 39
4085 33
4086 33
4087 32
4088 32
4089 33
4090 33
4091 33
4092 33
4093 33
4094 33
4095 33
4096 35
4097 36
4098 36
4099 36
4100 37
4101 37
4102 37
4103 36
4104 36
4105 37
4106 37
4107 37
4108 37
4109 37
4110 37
4111 37
4112 37
4113 37
4114 36
4115 39
4116 39
4117 40
4118 40
4119 33
4120 33
4121 34
4122 34
4123 34
4124 34
4125 27
4126 27
4127 28
4128 28
4129 27
4130 28
4131 28
4132 29
4133 28
4134 28
4135 29
4136 28
4137 28
4138 28
4139 28
4140 29
4141 29
4142 29
4143 29
4144 29
4145 28
4146 30
4147 29
4148 29
4149 31
4150 29
4151 29
4152 29
4153 29
4154 29
4155 30
4156 29
4157 29
4158 29
4159 29
4160 29
4161 31
4162 30
4163 30
4164 194
4165 198
4166 204
4167 211
4168 211
4169 216
4170 215
4171 218
4172 209
4173 9
4174 8
4175 9
4176 9
4177 8
4178 9
4179 8
4180 8
4181 8
4182 9
4183 8
4184 9
4185 8
4186 9
4187 8
4188 8
4189 8
4190 8
4191 8
4192 8
4193 9
4194 9
4195 9
4196 9
4197 9
4198 11
4199 10
4200 10
4201 10
4202 9
4203 16
4204 9
4205 9
4206 9
4207 10
4208 14
4209 9
4210 10
4211 10
4212 10
4213 12
4214 11
4215 11
4216 12
4217 12
4218 12
4219 16
4220 17
4221 17
4222 17
4223 18
4224 18
4225 18
4226 17
4227 18
4228 18
4229 18
4230 17
4231 17
4232 17
4233 18
4234 18
4235 18
4236 19
4237 18
4238 17
4239 18
4240 17
4241 17
4242 18
4243 23
4244 18
4245 18
4246 17
4247 17
4248 17
4249 17
4250 17
4251 17
4252 18
4253 18
4254 18
4255 18
4256 18
4257 18
4258 18
4259 18
4260 18
4261 19
4262 19
4263 19
4264 19
4265 18
4266 18
4267 18
4268 19
4269 18
4270 19
4271 19
4272 19
4273 20
4274 20
4275 20
4276 20
4277 20
4278 19
4279 20
4280 19
4281 20
4282 20
4283 20
4284 21
4285 19
4286 19
4287 19
4288 19
4289 21
4290 19
4291 19
4292 20
4293 20
4294 20
4295 21
4296 21
4297 20
4298 21
4299 20
4300 20
4301 20
4302 20
4303 20
4304 20
4305 21
4306 20
4307 21
4308 21
4309 19
4310 20
4311 20
4312 20
4313 20
4314 20
4315 21
4316 21
4317 21
4318 21
4319 22
4320 23
4321 25
4322 23
4323 23
4324 22
4325 23
4326 23
4327 23
4328 22
4329 23
4330 23
4331 22
4332 23
4333 22
4334 23
4335 22
4336 22
4337 23
4338 23
4339 22
4340 22
4341 23
4342 23
4343 23
4344 22
4345 23
4346 23
4347 24
4348 24
4349 25
4350 25
4351 25
4352 25
4353 25
4354 26
4355 22
4356 22
4357 22
4358 22
4359 23
4360 23
4361 23
4362 23
4363 23
4364 23
4365 23
4366 23
4367 23
4368 23
4369 22
4370 23
4371 23
4372 22
4373 24
4374 24
4375 27
4376 27
4377 27
4378 27
4379 27
4380 27
4381 27
4382 28
4383 27
4384 28
4385 28
4386 28
4387 28
4388 28
4389 28
4390 29
4391 28
4392 28
4393 28
4394 30
4395 29
4396 30
4397 29
4398 29
4399 29
4400 30
4401 29
4402 30
4403 30
4404 29
4405 29
4406 30
4407 30
4408 30
4409 30
4410 30
4411 30
4412 30
4413 31
4414 31
4415 32
4416 32
4417 32
4418 31
4419 35
4420 37
4421 37
4422 36
4423 37
4424 37
4425 37
4426 37
4427 37
4428 37
4429 37
4430 37
4431 38
4432 37
4433 37
4434 39
4435 39
4436 39
4437 39
4438 39
4439 39
4440 39
4441 40
4442 39
4443 40
4444 39
4445 39
4446 39
4447 39
4448 39
4449 39
4450 45
4451 39
4452 38
4453 39
4454 39
4455 39
4456 40
4457 38
4458 38
4459 38
4460 41
4461 38
4462 37
4463 37
4464 38
4465 40
4466 37
4467 38
4468 38
4469 37
4470 37
4471 38
4472 38
4473 38
4474 38
4475 37
4476 38
4477 38
4478 37
4479 37
4480 38
4481 38
4482 37
4483 38
4484 38
4485 38
4486 38
4487 38
4488 30
4489 30
4490 31
4491 31
4492 31
4493 31
4494 30
4495 30
4496 32
4497 30
4498 30
4499 30
4500 31
4501 31
4502 30
4503 30
4504 30
4505 32
4506 31
4507 32
4508 32
4509 31
4510 32
4511 33
4512 33
4513 32
4514 33
4515 33
4516 32
4517 34
4518 32
4519 33
4520 32
4521 33
4522 33
4523 33
4524 33
4525 33
4526 33
4527 33
4528 36
4529 33
4530 34
4531 36
4532 33
4533 33
4534 34
4535 34
4536 33
4537 35
4538 33
4539 34
4540 34
4541 33
4542 33
4543 36
4544 39
4545 39
4546 39
4547 39
4548 40
4549 39
4550 39
4551 41
4552 45
4553 40
4554 40
4555 40
4556 39
4557 39
4558 42
4559 40
4560 40
4561 41
4562 47
4563 41
4564 35
4565 17
4566 17
4567 16
4568 17
4569 17
4570 16
4571 16
4572 17
4573 17
4574 16
4575 16
4576 17
4577 16
4578 17
4579 17
4580 18
4581 18
4582 17
4583 18
4584 17
4585 18
4586 18
4587 17
4588 17
4589 18
4590 18
4591 18
4592 18
4593 19
4594 19
4595 19
4596 21
4597 20
4598 20
4599 20
4600 23
4601 21
4602 21
4603 21
4604 21
4605 21
4606 22
4607 21
4608 22
4609 21
4610 22
4611 22
4612 21
4613 21
4614 21
4615 23
4616 21
4617 23
4618 22
4619 23
4620 23
4621 22
4622 23
4623 23
4624 23
4625 22
4626 22
4627 22
4628 22
4629 22
4630 23
4631 22
4632 22
4633 25
4634 23
4635 22
4636 23
4637 23
4638 23
4639 22
4640 24
4641 24
4642 23
4643 24
4644 25
4645 25
4646 27
4647 24
4648 26
4649 26
4650 26
4651 26
4652 26
4653 26
4654 26
4655 26
4656 26
4657 26
4658 26
4659 27
4660 27
4661 27
4662 26
4663 26
4664 27
4665 27
4666 27
4667 28
4668 36
4669 28
4670 28
4671 28
4672 28
4673 29
4674 29
4675 28
4676 29
4677 28
4678 28
4679 28
4680 28
4681 29
4682 29
4683 29
4684 29
4685 29
4686 29
4687 30
4688 30
4689 29
4690 30
4691 29
4692 29
4693 29
4694 29
4695 35
4696 35
4697 37
4698 35
4699 35
4700 36
4701 36
4702 37
4703 35
4704 36
4705 35
4706 35
4707 37
4708 36
4709 36
4710 35
4711 35
4712 37
4713 35
4714 35
4715 36
4716 36
4717 37
4718 40
4719 36
4720 36
4721 36
4722 36
4723 36
4724 36
4725 37
4726 37
4727 36
4728 37
4729 37
4730 36
4731 36
4732 36
4733 36
4734 36
4735 36
4736 36
4737 39
4738 37
4739 36
4740 37
4741 37
4742 37
4743 38
4744 39
4745 37
4746 38
4747 38
4748 37
4749 38
4750 38
4751 38
4752 38
4753 38
4754 38
4755 37
4756 38
4757 38
4758 38
4759 38
4760 38
4761 39
4762 40
4763 39
4764 39
4765 39
4766 39
4767 39
4768 39
4769 39
4770 39
4771 39
4772 41
4773 40
4774 40
4775 39
4776 40
4777 39
4778 40
4779 39
4780 42
4781 40
4782 40
4783 42
4784 43
4785 43
4786 43
4787 43
4788 43
4789 43
4790 43
4791 43
4792 43
4793 30
4794 29
4795 29
4796 29
4797 30
4798 29
4799 29
4800 34
4801 30
4802 29
4803 29
4804 30
4805 29
4806 29
4807 30
4808 30
4809 29
4810 29
4811 18
4812 18
4813 19
4814 19
4815 19
4816 22
4817 19
4818 20
4819 20
4820 19
4821 20
4822 19
4823 19
4824 20
4825 20
4826 20
4827 20
4828 20
4829 21
4830 21
4831 21
4832 21
4833 21
4834 21
4835 21
4836 21
4837 21
4838 21
4839 21
4840 19
4841 19
4842 20
4843 20
4844 20
4845 20
4846 20
4847 19
4848 19
4849 19
4850 20
4851 20
4852 19
4853 19
4854 20
4855 20
4856 20
4857 19
4858 20
4859 20
4860 20
4861 20
4862 20
4863 20
4864 20
4865 20
4866 20
4867 20
4868 20
4869 21
4870 20
4871 20
4872 21
4873 22
4874 21
4875 21
4876 21
4877 21
4878 21
4879 21
4880 22
4881 22
4882 21
4883 22
4884 21
4885 21
4886 21
4887 24
4888 21
4889 21
4890 21
4891 20
4892 22
4893 20
4894 21
4895 21
4896 21
4897 22
4898 28
4899 28
4900 28
4901 28
4902 29
4903 29
4904 29
4905 30
4906 30
4907 30
4908 29
4909 30
4910 31
4911 30
4912 30
4913 30
4914 30
4915 30
4916 30
4917 33
4918 26
4919 25
4920 26
4921 25
4922 25
4923 26
4924 25
4925 25
4926 26
4927 25
4928 28
4929 31
4930 27
4931 28
4932 28
4933 28
4934 28
4935 28
4936 28
4937 28
4938 29
4939 29
4940 28
4941 28
4942 28
4943 28
4944 28
4945 28
4946 28
4947 27
4948 28
4949 29
4950 28
4951 27
4952 28
4953 28
4954 28
4955 28
4956 27
4957 28
4958 30
4959 28
4960 28
4961 27
4962 27
4963 27
4964 28
4965 28
4966 28
4967 32
4968 28
4969 28
4970 28
4971 28
4972 27
4973 28
4974 28
4975 30
4976 30
4977 30
4978 30
4979 31
4980 30
4981 30
4982 30
4983 30
4984 31
4985 31
4986 33
4987 29
4988 30
4989 29
4990 30
4991 30
4992 31
4993 31
4994 31
4995 30
4996 31
4997 30
4998 30
4999 30
5000 30
5001 30
5002 30
5003 31
5004 30
5005 30
5006 30
5007 31
5008 31
5009 31
5010 31
5011 31
5012 31
5013 33
5014 31
5015 33
5016 34
5017 34
5018 39
5019 35
5020 35
5021 35
5022 35
5023 36
5024 35
5025 38
5026 35
5027 35
5028 37
5029 36
5030 36
5031 36
5032 36
5033 36
5034 36
5035 36
5036 36
5037 37
5038 36
5039 36
5040 36
5041 36
5042 36
5043 36
5044 36
5045 36
5046 36
5047 36
5048 35
5049 35
5050 36
5051 37
5052 39
5053 39
5054 39
5055 40
5056 40
5057 39
5058 46
5059 40
5060 40
5061 41
5062 43
5063 41
5064 40
5065 42
5066 35
5067 36
5068 35
5069 35
5070 36
5071 36
5072 35
5073 37
5074 36
5075 36
5076 36
5077 36
5078 36
5079 36
5080 37
5081 38
5082 36
5083 36
5084 36
5085 36
5086 36
5087 35
5088 36
5089 35
5090 37
5091 36
5092 37
5093 37
5094 37
5095 37
5096 37
5097 37
5098 37
5099 37
5100 41
5101 40
5102 42
5103 41
5104 44
5105 43
5106 43
5107 44
5108 44
5109 44
5110 45
5111 44
5112 93
5113 96
5114 95
5115 43
5116 44
5117 44
5118 44
5119 44
5120 46
5121 45
5122 44
5123 44
5124 21
5125 24
5126 24
5127 24
5128 24
5129 25
5130 25
5131 25
5132 25
5133 25
5134 25
5135 26
5136 25
5137 25
5138 28
5139 28
5140 28
5141 29
5142 29
5143 29
5144 36
5145 29
5146 30
5147 32
5148 30
5149 30
5150 36
5151 30
5152 30
5153 29
5154 30
5155 30
5156 30
5157 31
5158 30
5159 31
5160 31
5161 33
5162 30
5163 30
5164 30
5165 31
5166 31
5167 31
5168 31
5169 31
5170 32
5171 32
5172 32
5173 32
5174 33
5175 32
5176 32
5177 32
5178 32
5179 32
5180 32
5181 32
5182 31
5183 33
5184 35
5185 34
5186 35
5187 34
5188 36
5189 35
5190 35
5191 35
5192 35
5193 35
5194 35
5195 35
5196 35
5197 35
5198 27
5199 27
5200 26
5201 26
5202 27
5203 27
5204 27
5205 27
5206 19
5207 19
5208 19
5209 19
5210 19
5211 19
5212 18
5213 18
5214 18
5215 18
5216 21
5217 18
5218 18
5219 18
5220 18
5221 18
5222 19
5223 18
5224 18
5225 21
5226 18
5227 18
5228 20
5229 19
5230 19
5231 19
5232 19
5233 19
5234 20
5235 20
5236 19
5237 19
5238 19
5239 20
5240 19
5241 19
5242 20
5243 21
5244 22
5245 21
5246 22
5247 23
5248 23
5249 25
5250 24
5251 23
5252 24
5253 24
5254 24
5255 24
5256 24
5257 25
5258 26
5259 25
5260 25
5261 26
5262 26
5263 25
5264 27
5265 25
5266 25
5267 26
5268 25
5269 26
5270 26
5271 26
5272 26
5273 26
5274 25
5275 27
5276 26
5277 26
5278 25
5279 27
5280 27
5281 28
5282 28
5283 28
5284 29
5285 29
5286 33
5287 29
5288 29
5289 35
5290 29
5291 30
5292 30
5293 30
5294 30
5295 30
5296 32
5297 30
5298 30
5299 30
5300 30
5301 30
5302 30
5303 30
5304 31
5305 30
5306 30
5307 30
5308 33
5309 32
5310 31
5311 32
5312 31
5313 31
5314 31
5315 31
5316 31
5317 32
5318 32
5319 31
5320 31
5321 31
5322 31
5323 31
5324 35
5325 32
5326 32
5327 32
5328 32
5329 32
5330 35
5331 36
5332 36
5333 35
5334 37
5335 36
5336 36
5337 37
5338 37
5339 37
5340 37
5341 36
5342 37
5343 37
5344 37
5345 37
5346 37
5347 37
5348 38
5349 39
5350 38
5351 40
5352 38
5353 38
5354 38
5355 39
5356 38
5357 38
5358 38
5359 39
5360 39
5361 39
5362 39
5363 40
5364 40
5365 39
5366 43
5367 41
5368 42
5369 42
5370 42
5371 42
5372 44
5373 44
5374 43
5375 44
5376 44
5377 44
5378 43
5379 43
5380 43
5381 45
5382 44
5383 43
5384 43
5385 44
5386 43
5387 43
5388 44
5389 43
5390 43
5391 43
5392 43
5393 43
5394 42
5395 44
5396 43
5397 43
5398 43
5399 43
5400 43
5401 43
5402 44
5403 46
5404 44
5405 45
5406 45
5407 44
5408 45
5409 45
5410 45
5411 45
5412 25
5413 26
5414 25
5415 26
5416 26
5417 26
5418 26
5419 26
5420 26
5421 26
5422 26
5423 26
5424 26
5425 27
5426 27
5427 27
5428 27
5429 27
5430 30
5431 27
5432 26
5433 27
5434 28
5435 27
5436 27
5437 27
5438 27
5439 27
5440 27
5441 27
5442 27
5443 28
5444 27
5445 28
5446 27
5447 28
5448 28
5449 28
5450 27
5451 27
5452 27
5453 31
5454 27
5455 28
5456 28
5457 26
5458 26
5459 25
5460 25
5461 25
5462 26
5463 25
5464 26
5465 29
5466 26
5467 25
5468 25
5469 26
5470 26
5471 26
5472 26
5473 26
5474 26
5475 25
5476 27
5477 27
5478 26
5479 26
5480 26
5481 28
5482 26
5483 25
5484 26
5485 26
5486 26
5487 26
5488 26
5489 26
5490 26
5491 26
5492 26
5493 26
5494 26
5495 26
5496 26
5497 27
5498 27
5499 27
5500 27
5501 27
5502 28
5503 27
5504 27
5505 27
5506 28
5507 28
5508 28
5509 27
5510 28
5511 32
5512 28
5513 28
5514 28
5515 28
5516 29
5517 29
5518 29
5519 29
5520 29
5521 28
5522 29
5523 29
5524 29
5525 29
5526 29
5527 29
5528 30
5529 30
5530 30
5531 30
5532 30
5533 31
5534 31
5535 31
5536 31
5537 30
5538 31
5539 31
5540 31
5541 31
5542 32
5543 32
5544 32
5545 32
5546 33
5547 33
5548 33
5549 33
5550 33
5551 33
5552 33
5553 33
5554 35
5555 33
5556 33
5557 32
5558 32
5559 33
5560 33
5561 34
5562 33
5563 33
5564 32
5565 32
5566 33
5567 23
5568 23
5569 24
5570 24
5571 26
5572 24
5573 24
5574 24
5575 24
5576 26
5577 24
5578 25
5579 25
5580 25
5581 25
5582 25
5583 26
5584 25
5585 26
5586 26
5587 26
5588 26
5589 26
5590 27
5591 27
5592 27
5593 27
5594 27
5595 28
5596 27
5597 30
5598 27
5599 28
5600 28
5601 27
5602 27
5603 27
5604 27
5605 27
5606 27
5607 27
5608 27
5609 28
5610 27
5611 26
5612 26
5613 27
5614 27
5615 26
5616 26
5617 27
5618 27
5619 27
5620 27
5621 27
5622 28
5623 28
5624 28
5625 28
5626 29
5627 29
5628 28
5629 29
5630 29
5631 29
5632 29
5633 29
5634 29
5635 29
5636 38
5637 29
5638 30
5639 32
5640 30
5641 30
5642 29
5643 29
5644 30
5645 30
5646 30
5647 30
5648 31
5649 30
5650 30
5651 31
5652 31
5653 31
5654 30
5655 32
5656 32
5657 31
5658 31
5659 31
5660 32
5661 32
5662 31
5663 35
5664 36
5665 34
5666 34
5667 33
5668 34
5669 34
5670 34
5671 33
5672 33
5673 33
5674 33
5675 33
5676 33
5677 34
5678 34
5679 35
5680 34
5681 34
5682 37
5683 35
5684 35
5685 36
5686 35
5687 35
5688 35
5689 35
5690 34
5691 35
5692 35
5693 35
5694 36
5695 36
5696 36
5697 37
5698 37
5699 39
5700 40
5701 41
5702 46
5703 46
5704 49
5705 54
5706 55
5707 59
5708 62
5709 64
5710 69
5711 165
5712 162
5713 164
5714 163
5715 159
5716 161
5717 163
5718 159
5719 159
5720 30
5721 13
5722 13
5723 13
5724 13
5725 13
5726 14
5727 14
5728 14
5729 14
5730 14
5731 14
5732 13
5733 14
5734 14
5735 14
5736 14
5737 7
5738 7
5739 6
5740 6
5741 6
5742 7
5743 7
5744 6
5745 7
5746 7
5747 7
5748 7
5749 6
5750 6
5751 7
5752 6
5753 19
5754 18
5755 19
5756 19
5757 20
5758 21
5759 20
5760 20
5761 13
5762 15
5763 14
5764 13
5765 13
5766 13
5767 13
5768 12
5769 13
5770 14
5771 13
5772 14
5773 14
5774 14
5775 14
5776 14
5777 14
5778 14
5779 14
5780 14
5781 14
5782 14
5783 14
5784 14
5785 14
5786 14
5787 14
5788 14
5789 14
5790 14
5791 15
5792 15
5793 14
5794 15
5795 15
5796 15
5797 15
5798 15
5799 16
5800 16
5801 16
5802 15
5803 15
5804 16
5805 16
5806 16
5807 16
5808 16
5809 16
5810 16
5811 17
5812 17
5813 18
5814 20
5815 17
5816 18
5817 18
5818 18
5819 18
5820 18
5821 19
5822 19
5823 18
5824 13
5825 9
5826 11
5827 10
5828 10
5829 10
5830 10
5831 14
5832 11
5833 11
5834 11
5835 11
5836 11
5837 11
5838 12
5839 11
5840 11
5841 11
5842 11
5843 12
5844 12
5845 12
5846 12
5847 12
5848 12
5849 12
5850 13
5851 13
5852 13
5853 13
5854 13
5855 13
5856 13
5857 13
5858 14
5859 13
5860 13
5861 14
5862 18
5863 18
5864 18
5865 18
5866 18
5867 19
5868 23
5869 19
5870 19
5871 19
5872 19
5873 20
5874 20
5875 20
5876 20
5877 20
5878 20
5879 19
5880 23
5881 23
5882 23
5883 34
5884 35
5885 19
5886 19
5887 21
5888 19
5889 21
5890 21
5891 21
5892 21
5893 21
5894 21
5895 21
5896 21
5897 21
5898 21
5899 21
5900 21
5901 21
5902 21
5903 21
5904 21
5905 21
5906 22
5907 23
5908 22
5909 22
5910 21
5911 22
5912 23
5913 23
5914 23
5915 23
5916 24
5917 23
5918 23
5919 24
5920 24
5921 23
5922 23
5923 24
5924 23
5925 23
5926 23
5927 23
5928 23
5929 23
5930 23
5931 23
5932 23
5933 23
5934 23
5935 23
5936 23
5937 25
5938 23
5939 23
5940 23
5941 23
5942 23
5943 23
5944 23
5945 23
5946 23
5947 21
5948 20
5949 21
5950 21
5951 20
5952 20
5953 21
5954 21
5955 20
5956 20
5957 19
5958 20
5959 20
5960 20
5961 20
5962 20
5963 20
5964 20
5965 20
5966 20
5967 20
5968 23
5969 21
5970 21
5971 21
5972 21
5973 21
5974 21
5975 21
5976 21
5977 22
5978 21
5979 21
5980 21
5981 21
5982 21
5983 22
5984 22
5985 25
5986 23
5987 22
5988 22
5989 22
