27 43
30 40
0
alive 95 0 29,49 16,49 16,48 9,48 9,47 14,47 14,44 16,44 16,27 15,27 15,43 13,43 13,46 4,46 4,45 12,45 12,43 9,43
alive 20 0 30,49 32,49 32,48 17,48 17,47
alive 18 0 35,44 35,47 21,47
alive 30 0 23,12 23,5 40,5 40,10
*
18 2
1 8
0
alive 335 7 8,18 8,16 9,16 9,22 7,22 7,25 6,25 6,21 8,21 8,19 7,19 7,20 6,20 6,16 5,16 5,18 4,18 4,37 5,37 5,40 8,40 8,39 6,39 6,36 5,36 5,35 7,35 7,36 17,36 17,44 9,44 9,46 0,46 0,48 20,48 20,49 21,49 21,42 34,42 34,38 38,38 38,37 33,37 33,41 30,41 30,40 28,40 28,39 26,39 26,38 24,38 24,36 22,36 22,35 8,35 8,32 10,32 10,31 14,31 14,29 13,29 13,30 10,30 10,29 12,29 12,16 13,16 13,15 14,15 14,14 15,14 15,13 16,13 16,12 17,12 17,11 18,11 18,9 20,9 20,8 17,8 17,10 16,10 16,11 15,11 15,12 14,12 14,13 13,13 13,14 12,14 12,15 11,15 11,28 10,28 10,15 4,15 4,14 3,14 3,45 2,45 2,44
alive 15 0 29,2 43,2
alive 35 4 31,1 44,1 44,2 45,2 45,6 48,6 48,13 43,13
alive 15 0 45,22 45,36
*
13 19
49 3
0
alive 135 7 49,36 49,22 48,22 48,0 20,0 20,4 8,4 8,14 7,14 7,15 3,15 3,16 5,16 5,31 6,31 6,41 7,41 7,46 9,46
alive 30 0 47,15 47,22 46,22 46,31 44,31 44,23 42,23
alive 60 4 49,38 49,43 48,43 48,23 47,23 47,32 24,32
alive 55 0 19,18 15,18 15,19 19,19 19,24 22,24 22,19 21,19 21,23 20,23 20,13 19,13 19,9 15,9 15,14 14,14 14,15
*
7 39
44 8
0
alive 55 8 48,24 48,25 47,25 47,26 49,26 49,23 7,23 7,26 6,26
alive 25 0 44,26 44,28 22,28
alive 40 4 46,24 46,29 20,29 20,30 19,30 19,33 18,33 18,35
alive 25 0 49,36 49,48 37,48
*
11 28
8 9
0
alive 120 9 1,42 21,42 21,41 2,41 2,40 32,40 32,43 0,43 0,39 9,39
alive 74 0 42,42 42,46 37,46 37,44 33,44 33,39 30,39 30,31 14,31 14,38 10,38 10,29 7,29 7,26
alive 5 4 41,41 41,45
alive 115 1 38,40 38,43 37,43 37,41 36,41 36,43 34,43 34,38 31,38 31,30 30,30 30,27 25,27 25,16 20,16 20,15 15,15 15,4 46,4 46,17 47,17
*
30 39
15 16
0
alive 100 10 14,2 10,2 10,3 3,3 3,5 2,5 2,2 1,2 1,7 0,7 0,0 8,0 8,2 9,2 9,0 18,0 18,1 15,1 15,4 5,4 5,10 0,10 0,26 1,26
alive 55 0 23,14 43,14 43,10 45,10 45,9 31,9 31,5 30,5 30,9 26,9
alive 40 4 30,42 30,49 12,49 12,46 15,46 15,45 10,45 10,43
alive 70 1 29,24 29,25 30,25 30,20 43,20 43,25 45,25 45,26 21,26 21,25 25,25 25,24 21,24 21,23 26,23 26,22
*
29 15
31 2
0
alive 280 14 39,6 39,23 34,23 34,39 42,39 42,45 45,45 45,44 43,44 43,38 35,38 35,37 44,37 44,43 48,43 48,12 46,12 46,5 33,5 33,1 47,1 47,10 48,10 48,0 26,0 26,11 25,11 25,12 24,12 24,13 31,13 31,10 38,10 38,17 37,17 37,22 36,22 36,14 20,14 20,18
alive 15 2 13,16 4,16 4,17 8,17
alive 25 4 11,0 11,2 12,2 12,0 13,0 13,2 14,2 14,0 15,0 15,2 16,2 16,0 17,0 17,2 18,2 18,0 19,0
alive 15 2 21,13 19,13 19,17 15,17 15,21
