26 4
48 49
0
alive 55 0 9,49 7,49 7,48 6,48 6,47 5,47 5,46 4,46 4,45 3,45 3,46 2,46 2,5 3,5
alive 5 0 8,48 8,47 7,47 7,46 6,46
alive 15 1 17,49 10,49 10,44 12,44
alive 30 1 28,49 19,49 19,46 36,46
=
35 21
30 37
0
alive 110 0 49,21 41,21 41,28 40,28 40,15 26,15 26,5 42,5 42,4 35,4 35,3 45,3 45,0 32,0 32,1 36,1
alive 5 0 22,37 18,37
alive 30 1 49,22 49,29 40,29 40,36 34,36
alive 5 2 18,34 18,30
=
6 30
39 3
0
alive 30 0 32,22 32,19 34,19 34,43
alive 15 0 36,16 33,16 33,17 41,17 41,19
alive 44 1 33,15 32,15 32,17 31,17 31,44 19,44
alive 20 2 33,20 33,23 32,23 32,38
