1 24
20 9
0
alive 195 7 6,12 6,9 5,9 5,11 4,11 4,9 2,9 2,8 7,8 7,12 38,12 38,10 10,10 10,8 8,8 8,6 9,6 9,7 12,7 12,4 11,4 11,6 10,6 10,2 1,2 1,7 0,7 0,9 1,9 1,10 0,10 0,11 1,11 1,12 0,12 0,13 1,13 1,14 0,14 0,15 1,15 1,16 0,16 0,17 1,17 1,18 0,18 0,19 1,19 1,20 0,20 0,29 1,29 1,30 0,30 0,31 1,31 1,32 0,32 0,33 16,33 16,27 13,27 13,26 10,26 10,25 7,25
alive 30 0 44,46 44,48 48,48 48,42 47,42 47,39 39,39 39,38 43,38
alive 20 0 22,13 22,17 23,17 23,13 33,13
alive 25 1 2,20 2,13 19,13
*
27 33
29 2
0
alive 161 9 0,2 0,3 18,3 18,6 19,6 19,10 18,10 18,7 10,7 10,25 9,25 9,6 6,6 6,5 0,5 0,6 5,6 5,9 4,9 4,7 1,7 1,8 0,8 0,9 1,9 1,10 0,10 0,12 1,12 1,11 7,11 7,12 2,12 2,26 3,26 3,28 2,28 2,31 0,31 0,32 3,32 3,34 10,34
alive 210 2 44,5 44,2 45,2 45,4 46,4 46,2 47,2 47,13 46,13 46,19 36,19 36,18 35,18 35,48 42,48 42,47 36,47 36,44 46,44 46,46 44,46 44,48 48,48 48,0 37,0 37,18 45,18 45,16 42,16 42,13 40,13 40,7 39,7
alive 55 0 19,2 19,3 32,3 32,5 34,5 34,28 21,28
alive 36 3 12,44 11,44 11,48 0,48 0,33 2,33 2,35
*
44 34
41 18
0
alive 115 9 23,19 29,19 29,18 22,18 22,20 31,20 31,19 30,19 30,15 43,15 43,17 44,17 44,18 43,18 43,19 42,19 42,17 40,17 40,16 31,16 31,17 39,17 39,20 47,20 47,17 45,17 45,5 36,5 36,8
alive 35 5 30,36 30,46 29,46 29,45 18,45 18,43 17,43 17,41 11,41
alive 55 0 33,14 29,14 29,17 22,17 22,16 21,16 21,23 19,23 19,24 28,24 28,29 25,29 25,30 35,30
alive 20 3 30,22 22,22 22,21 31,21 31,22
*
7 19
0 18
0
alive 235 13 0,7 1,7 1,8 0,8 0,9 1,9 1,10 0,10 0,11 1,11 1,12 0,12 0,13 6,13 6,14 5,14 5,15 16,15 16,13 37,13 37,12 36,12 36,11 35,11 35,9 27,9 27,3 21,3 21,2 26,2 26,1 37,1 37,2 41,2 41,11 40,11 40,10 38,10 38,7 39,7 39,9 40,9 40,6 33,6 33,5 34,5 34,4 38,4 38,5 39,5 39,3 28,3 28,8 36,8 36,10 37,10 37,11 38,11 38,18 39,18 39,19 41,19 41,25 44,25 44,16 43,16 43,11 42,11 42,1 38,1 38,0 29,0
alive 5 5 21,4 21,8
alive 5 2 7,30 7,34
alive 20 4 32,28 32,44 33,44 33,42
*
28 37
5 35
0
alive 125 17 20,21 22,21 22,18 21,18 21,20 20,20 20,17 22,17 22,14 21,14 21,16 20,16 20,13 22,13 22,10 21,10 21,12 20,12 20,9 19,9 19,28 27,28 27,18 24,18 24,8 16,8 16,7 7,7 7,8 6,8 6,7 4,7 4,6 15,6 15,5 16,5
alive 135 7 25,7 43,7 43,20 42,20 42,23 48,23 48,46 49,46 49,49 46,49 46,48 48,48 48,47 40,47 40,19 42,19 42,17 40,17 40,16 25,16 25,15
alive 40 2 16,12 16,13 14,13 14,10 17,10 17,14 9,14 9,8 15,8 15,9 18,9 18,11
alive 10 4 26,30 17,30
*
47 4
21 16
0
alive 135 18 27,16 27,20 26,20 26,21 28,21 28,15 12,15 12,6 5,6 5,5 21,5 21,8 26,8 26,11 34,11 34,30 35,30 35,32 36,32 36,33 39,33 39,21 43,21 43,13 44,13
alive 15 9 30,34 27,34 27,35 26,35 26,36 25,36 25,38 24,38 24,42
alive 45 2 25,16 25,24 6,24 6,28 4,28 4,35 8,35
alive 10 5 21,30 21,33 15,33
*
34 19
47 17
0
alive 165 18 20,16 18,16 18,14 19,14 19,15 22,15 22,12 21,12 21,14 20,14 20,13 18,13 18,10 19,10 19,12 20,12 20,8 21,8 21,11 24,11 24,8 23,8 23,10 22,10 22,7 14,7 14,17 28,17 28,2 33,2 33,0 21,0 21,2 22,2 22,1 26,1 26,2 23,2 23,6 13,6 13,18 12,18 12,6
alive 10 9 45,24 45,32 46,32
alive 10 2 10,19 5,19 5,15
alive 40 5 18,25 4,25 4,26 6,26 6,31 22,31 22,32
