21 5
45 43
0
alive 275 3 24,30 24,29 23,29 23,28 24,28 24,27 22,27 22,26 26,26 26,31 23,31 23,30 21,30 21,24 27,24 27,46 25,46 25,45 26,45 26,44 18,44 18,36 0,36 0,47 35,47 35,44 34,44 34,46 28,46 28,45 33,45 33,44 31,44 31,43 32,43 32,42 36,42 36,41 38,41 38,39 40,39 40,38 42,38 42,35 43,35 43,36 45,36 45,41 46,41 46,45 47,45 47,46 48,46 48,44 47,44 47,20 48,20 48,0 38,0 38,2 30,2 30,3 25,3
alive 60 0 19,23 19,33 26,33 26,32 20,32 20,23 35,23 35,25 36,25 36,17
alive 20 0 29,41 29,43 30,43 30,42 31,42 31,28
alive 5 0 33,7 33,11
=
39 3
34 9
0
alive 95 3 30,18 30,44 31,44 31,46 42,46 42,47 44,47 44,38 35,38 35,45 32,45 32,43 31,43 31,42 33,42 33,44 34,44 34,30
alive 15 0 29,17 22,17 22,24
alive 5 0 29,32 25,32
alive 5 0 36,12 36,16
=
7 49
26 44
0
alive 16 3 10,4 9,4 9,0 19,0
alive 10 0 7,43 7,34
alive 30 0 49,45 49,47 44,47 44,48 49,48 49,49 43,49 43,40
alive 5 0 11,3 15,3
=
43 42
38 34
0
alive 100 4 0,29 0,22 9,22 9,15 7,15 7,14 6,14 6,8 29,8 29,12 46,12 46,5 31,5
alive 45 0 6,34 2,34 2,28 11,28 11,34 12,34 12,26 22,26
alive 20 0 20,24 12,24 12,25 22,25
alive 30 1 0,31 0,34 1,34 1,23 12,23 12,20
=
11 25
34 34
0
alive 15 4 32,21 44,21 44,23
alive 45 0 31,20 31,16 27,16 27,12 24,12 24,22 18,22 18,23 15,23 15,32
alive 30 0 30,27 30,17 26,17 26,13 25,13 25,23
alive 10 1 32,16 32,15 28,15 28,11
=
12 46
2 38
0
alive 50 4 21,5 8,5 8,15 22,15 22,27
alive 60 0 15,38 25,38 25,35 26,35 26,30 23,30 23,15 29,15 29,31
alive 45 0 11,4 7,4 7,16 16,16 16,20 21,20 21,30
alive 5 1 23,5 27,5
=
35 24
46 36
0
alive 70 4 12,16 3,16 3,29 2,29 2,30 12,30 12,34 13,34 13,15 12,15 12,14 3,14
alive 105 0 35,41 35,40 33,40 33,39 39,39 39,44 34,44 34,41 33,41 33,46 32,46 32,39 31,39 31,46 30,46 30,38 44,38 44,47 29,47 29,37 31,37
alive 80 0 19,15 18,15 18,14 15,14 15,15 17,15 17,16 19,16 19,29 14,29 14,30 19,30 19,34 28,34 28,48 42,48 42,49 40,49
alive 70 1 16,27 16,16 15,16 15,28 14,28 14,14 13,14 13,11 39,11
=
7 30
20 8
0
alive 175 7 22,9 22,7 6,7 6,24 5,24 5,18 0,18 0,28 9,28 9,31 10,31 10,27 1,27 1,19 3,19 3,20 2,20 2,26 11,26 11,30 14,30 14,10 23,10 23,0 41,0
alive 15 1 16,22 20,22 20,21 16,21 16,20 20,20
alive 25 2 40,15 40,35 36,35
alive 45 1 15,30 15,19 19,19 19,18 15,18 15,15 19,15 19,14 15,14 15,11 23,11 23,12
=
24 13
38 29
0
alive 65 7 25,36 25,38 32,38 32,47 35,47 35,45 45,45 45,44 34,44 34,46 33,46 33,37 26,37
alive 45 1 38,32 38,36 27,36 27,35 34,35 34,34 29,34 29,33 33,33 33,23
alive 10 2 20,37 12,37 12,36
alive 5 1 24,35 20,35
=
46 46
10 0
0
alive 10 7 6,20 6,13 8,13
alive 50 1 13,20 38,20 38,36 30,36
alive 10 2 7,21 16,21
alive 5 1 7,20 11,20
=
10 46
24 2
0
alive 100 8 5,44 5,25 0,25 0,4 13,4 13,9 14,9 14,10 39,10 39,12 40,12 40,16 41,16 41,15
alive 15 1 5,46 6,46 6,33
alive 64 2 11,45 15,45 15,33 36,33 36,32 30,32 30,13
alive 15 1 8,46 7,46 7,33
=
44 41
40 36
0
alive 205 14 49,4 47,4 47,2 49,2 49,0 12,0 12,7 11,7 11,11 16,11 16,13 17,13 17,10 12,10 12,8 22,8 22,3 27,3 27,2 28,2 28,24 30,24 30,26 36,26 36,35 37,35 37,25 31,25 31,24 39,24 39,31 46,31 46,46 41,46 41,49 38,49
alive 30 3 22,36 11,36 11,20 12,20 12,21
alive 15 2 14,33 14,19
alive 5 1 44,49 45,49 45,47 44,47
=
7 3
16 10
0
alive 100 15 6,26 4,26 4,29 23,29 23,43 48,43 48,37 47,37 47,42 46,42 46,26 39,26
alive 25 6 3,32 8,32 8,30 7,30 7,31 3,31 3,21 4,21
alive 25 2 9,27 8,27 8,23 7,23 7,27 5,27 5,28 16,28
alive 35 1 5,25 4,25 4,24 6,24 6,23 4,23 4,22 30,22
=
31 42
48 37
0
alive 100 15 2,34 13,34 13,49 14,49 14,38 19,38 19,36 18,36 18,35 25,35 25,34 22,34 22,19 31,19 31,16 17,16
alive 20 6 16,47 16,49 15,49 15,39 20,39 20,38
alive 20 3 41,25 41,21 40,21 40,23 28,23
alive 5 1 2,32 2,28
