49 1
17 7
0
alive 15 0 42,30 42,31 41,31 41,32 44,32 44,29 42,29 42,26
alive 5 0 33,33 33,35 31,35
alive 5 0 40,30 40,32 38,32
alive 7 0 49,19 49,20 44,20
*
4 19
0 21
0
alive 175 2 47,49 47,0 0,0 0,4 1,4 1,7 4,7 4,4 3,4 3,6 2,6 2,3 1,3 1,1 39,1 39,2 25,2 25,3
alive 5 0 23,23 23,24 26,24
alive 10 1 26,33 26,41 27,41
alive 41 0 6,23 6,24 7,24 7,49 20,49
*
35 24
4 24
0
alive 195 6 11,32 10,32 10,33 11,33 11,34 14,34 14,35 19,35 19,36 18,36 18,43 19,43 19,44 18,44 18,45 19,45 19,46 18,46 18,47 19,47 19,48 18,48 18,49 17,49 17,36 13,36 13,35 12,35 12,36 11,36 11,37 12,37 12,38 11,38 11,39 12,39 12,40 11,40 11,41 12,41 12,42 11,42 11,43 12,43 12,44 11,44 11,45 12,45 12,46 11,46 11,47 12,47 12,48 11,48 11,49 10,49 10,34 9,34 9,35 5,35 5,37 2,37 2,31 0,31 0,14 1,14 1,16 2,16 2,13 0,13 0,11 1,11 1,12 3,12 3,36 4,36 4,34 8,34 8,33 9,33 9,21 10,21
alive 5 0 28,38 24,38
alive 20 1 12,32 13,32 13,27 12,27 12,31 11,31 11,26 13,26
alive 15 0 11,24 17,24 17,23 10,23
*
40 12
3 14
0
alive 80 6 30,8 31,8 31,9 30,9 30,10 31,10 31,11 27,11 27,10 21,10 21,9 20,9 20,7 28,7 28,10 29,10 29,7 35,7 35,11 36,11 36,25 32,25 32,28 31,28 31,30 28,30 28,29 24,29
alive 80 0 31,13 35,13 35,12 19,12 19,6 25,6 25,3 13,3 13,4 24,4 24,5 7,5 7,4
alive 15 2 13,31 13,42 14,42 14,40
alive 20 1 14,18 14,30 21,30
*
33 26
3 39
0
alive 70 6 3,18 9,18 9,14 8,14 8,12 6,12 6,11 11,11 11,7 13,7 13,6 16,6 16,5 15,5 15,4 3,4 3,3 0,3 0,4 1,4 1,5 2,5 2,18 1,18 1,19
alive 40 0 33,19 33,6 41,6 41,5 44,5 44,17 45,17 45,16
alive 10 2 32,39 32,43 31,43 31,46 32,46
alive 25 2 33,34 33,44 32,44 32,45 44,45
*
49 2
2 8
0
alive 130 7 2,15 2,39 1,39 1,14 3,14 3,4 2,4 2,6 1,6 1,8 0,8 0,3 6,3 6,4 13,4 13,8 18,8 18,10 19,10 19,11 24,11 24,10 25,10 25,5 39,5 39,4 38,4
alive 5 1 39,24 35,24
alive 5 2 22,15 22,17 20,17
alive 47 3 49,48 49,49 43,49 43,36 48,36 48,15
*
*******
LongestLength:195.0
Mean Length:77.86371428571428
Game Length:7000.0
Deaths:1.0
Total kills:0.0
Trapped Count:613.0
*******
22 13
18 45
0
alive 110 8 2,37 2,32 3,32 3,35 6,35 6,32 5,32 5,34 4,34 4,31 2,31 2,30 1,30 1,33 0,33 0,34 1,34 1,35 0,35 0,36 1,36 1,37 0,37 0,45 2,45 2,44 1,44 1,38 19,38 19,41 24,41 24,42 25,42 25,41 31,41 31,42 41,42 41,44 44,44 44,45 45,45
alive 15 1 31,36 39,36 39,35 34,35
alive 10 2 41,36 49,36 49,35
alive 25 3 28,40 20,40 20,37 15,37 15,29
*
30 43
44 44
0
alive 85 8 6,25 9,25 9,35 8,35 8,26 4,26 4,27 7,27 7,40 3,40 3,38 2,38 2,31 5,31 5,39 6,39 6,28 5,28 5,30
alive 15 2 30,42 30,28
alive 30 2 5,24 5,3 7,3 7,9
alive 45 3 17,24 17,3 19,3 19,12 25,12 25,16 27,16
*
11 36
22 14
0
alive 50 8 3,16 3,18 2,18 2,15 16,15 16,9 30,9 30,12 31,12 31,8 30,8
alive 75 2 2,36 2,22 32,22 32,33 25,33 25,36 31,36 31,35 29,35
alive 25 2 26,34 35,34 35,35 32,35 32,36 35,36 35,37 36,37 36,33 35,33
alive 55 3 5,16 17,16 17,13 32,13 32,10 49,10 49,11 46,11
*
12 17
2 15
0
alive 160 9 22,23 22,3 0,3 0,4 1,4 1,5 0,5 0,6 1,6 1,7 0,7 0,8 1,8 1,9 0,9 0,10 1,10 1,11 0,11 0,12 1,12 1,13 0,13 0,14 1,14 1,15 0,15 0,16 1,16 1,17 0,17 0,18 1,18 1,19 0,19 0,20 1,20 1,21 0,21 0,22 1,22 1,23 0,23 0,24 1,24 1,25 0,25 0,26 3,26 3,27 2,27 2,28 3,28 3,29 2,29 2,30 3,30 3,33 2,33 2,34 3,34 3,35 2,35 2,38 1,38 1,27 0,27 0,39 1,39 1,40 0,40 0,41 1,41 1,42 0,42 0,43 1,43 1,44 0,44 0,45 1,45 1,46 0,46 0,47 1,47 1,48 0,48 0,49 5,49
alive 45 3 47,34 47,42 11,42
alive 60 2 18,37 23,37 23,24 22,24 22,36 8,36 8,24 10,24
alive 66 3 23,20 23,14 45,14 45,16 46,16 46,22 47,22 47,15 46,15 46,13 29,13
*
19 2
12 3
0
alive 95 9 5,8 1,8 1,10 0,10 0,7 6,7 6,34 7,34 7,33 9,33 9,32 8,32 8,14 15,14 15,10 13,10 13,8 12,8 12,6 10,6 10,5 4,5
alive 25 3 20,14 20,38
alive 25 3 13,16 13,15 12,15 12,37
alive 25 3 19,7 19,31
*
