6 5
28 3
0
alive 90 0 14,2 11,2 11,1 15,1 15,8 16,8 16,1 34,1 34,0 10,0 10,23
alive 100 0 25,15 25,24 12,24 12,25 20,25 20,36 3,36 3,45 2,45 2,46 21,46 21,48 23,48 23,49 28,49
alive 10 0 14,4 11,4 11,5 14,5 14,7
alive 10 0 30,28 30,37
*
39 28
11 5
0
alive 195 2 29,13 29,14 36,14 36,15 49,15 49,14 37,14 37,13 30,13 30,12 29,12 29,11 31,11 31,12 38,12 38,13 49,13 49,12 39,12 39,11 32,11 32,10 24,10 24,9 33,9 33,10 40,10 40,11 49,11 49,0 48,0 48,10 41,10 41,9 39,9 39,8 31,8 31,7 39,7 39,6 30,6 30,8 23,8 23,9
alive 320 8 6,45 6,43 2,43 2,44 5,44 5,48 4,48 4,46 2,46 2,48 0,48 0,26 46,26 46,27 49,27 49,28 48,28 48,30 46,30 46,31 45,31 45,32 47,32 47,33 46,33 46,34 45,34 45,38 48,38 48,49 47,49 47,48 45,48 45,49 42,49 42,46 31,46 31,43 40,43 40,44 32,44 32,45 43,45 43,48 44,48 44,27 38,27 38,36 33,36 33,37 31,37 31,38 42,38 42,43 41,43 41,39 29,39 29,46 20,46 20,45 12,45 12,46 14,46 14,48 10,48 10,44 21,44 21,45 25,45
alive 5 1 28,13 28,11 27,11 27,12
alive 21 1 26,6 27,6 27,4 30,4 30,3 17,3
*
36 3
25 36
0
alive 27 2 47,2 45,2 45,1 49,1 49,0 40,0 40,6 41,6 41,4
alive 10 8 8,11 6,11 6,7 9,7
alive 15 1 48,3 48,17
alive 40 1 49,11 49,22 48,22 48,27 41,27 41,28 39,28 39,25 32,25 32,23
*
26 4
41 18
0
alive 440 6 14,11 8,11 8,10 14,10 14,9 8,9 8,8 14,8 14,7 7,7 7,10 6,10 6,7 0,7 0,6 15,6 15,11 18,11 18,7 17,7 17,10 16,10 16,6 17,6 17,5 0,5 0,4 1,4 1,3 0,3 0,2 11,2 11,1 0,1 0,0 49,0 49,32 48,32 48,21 47,21 47,14 42,14 42,12 21,12 21,11 24,11 24,10 21,10 21,9 25,9 25,11 43,11 43,12 46,12 46,11 47,11 47,10 45,10 45,11 44,11 44,10 26,10 26,9 47,9 47,8 20,8 20,22 19,22 19,6 18,6 18,5 19,5 19,4 2,4 2,3 13,3
alive 65 9 0,49 26,49 26,45 23,45 23,46 25,46 25,48 17,48 17,45 8,45 8,41 7,41 7,40
alive 10 3 40,21 39,21 39,29
alive 25 1 37,14 37,13 39,13 39,15 25,15 25,13 24,13 24,15
*
13 17
8 42
0
alive 170 7 44,0 5,0 5,4 16,4 16,10 19,10 19,14 20,14 20,9 17,9 17,4 43,4 43,5 49,5 49,4 44,4 44,3 32,3 32,2 45,2 45,3 49,3 49,2 46,2 46,1 49,1 49,0 45,0 45,1 42,1
alive 5 10 25,17 26,17 26,20
alive 14 4 24,44 24,48 33,48
alive 10 1 28,20 28,27 26,27
