44 45
27 5
0
alive 100 1 30,44 30,43 29,43 29,36 9,36 9,35 6,35 6,23 0,23 0,13 6,13 6,4 12,4 12,8 7,8 7,16
alive 15 0 31,45 31,36 30,36 30,40
alive 20 0 41,45 32,45 32,35
alive 45 0 22,13 9,13 9,9 13,9 13,8 33,8 33,6
=
36 18
42 15
0
alive 130 1 27,30 46,30 46,34 41,34 41,41 27,41 27,40 39,40 39,39 2,39 2,26 0,26 0,12
alive 25 0 38,24 38,23 40,23 40,22 38,22 38,21 43,21 43,22 42,22 42,29 39,29
alive 30 0 44,27 44,29 43,29 43,23 44,23 44,21 45,21 45,29 47,29 47,33 48,33 48,32
alive 34 0 25,30 21,30 21,29 37,29 37,20 40,20
=
47 23
43 2
0
alive 185 3 8,49 8,41 1,41 1,44 2,44 2,42 6,42 6,49 1,49 1,48 4,48 4,47 0,47 0,40 9,40 9,48 12,48 12,49 13,49 13,47 45,47 45,39 41,39 41,38 47,38 47,37 41,37 41,0 29,0
alive 45 1 32,32 15,32 15,31 14,31 14,32 10,32 10,31 4,31 4,21 7,21
alive 25 0 39,24 40,24 40,23 32,23 32,20 31,20 31,24 37,24
alive 65 0 35,8 14,8 14,9 23,9 23,10 3,10 3,12 4,12 4,11 12,11
=
1 34
41 44
0
alive 180 5 37,1 37,34 40,34 40,17 41,17 41,16 43,16 43,22 45,22 45,31 47,31 47,0 35,0 35,34 34,34 34,33 17,33 17,39 18,39
alive 40 1 5,40 5,45 6,45 6,40 22,40 22,42 12,42
alive 5 2 36,8 36,12
alive 5 0 33,11 33,7
=
48 44
16 39
0
alive 110 5 11,4 2,4 2,3 14,3 14,4 20,4 20,7 22,7 22,6 21,6 21,5 22,5 22,2 1,2 1,0 0,0 0,6 12,6 12,4 13,4 13,9 17,9 17,17 18,17 18,22
alive 30 1 17,6 19,6 19,7 16,7 16,8 23,8 23,5 35,5
alive 5 3 11,11 11,7
alive 25 1 14,37 14,13
=
2 32
36 11
0
alive 175 7 49,43 38,43 38,30 48,30 48,0 20,0 20,6 32,6 32,42 18,42 18,49 15,49 15,48 12,48
alive 11 1 19,2 18,2 18,11
alive 20 5 23,3 23,2 28,2 28,5 25,5 25,4 24,4 24,5 23,5 23,4 22,4 22,5
alive 15 1 17,30 18,30 18,39 17,39 17,36
=
43 32
4 9
0
alive 96 9 47,5 41,5 41,8 40,8 40,11 39,11 39,8 23,8 23,19 48,19 48,4 37,4
alive 35 1 33,21 33,20 47,20 47,39
alive 10 5 37,23 37,22 44,22 44,23
alive 10 1 35,22 35,21 43,21
=
6 37
37 48
0
alive 56 10 21,42 20,42 20,25 21,25 21,12 10,12 10,9 19,9
alive 25 1 34,32 26,32 26,25 33,25 33,23
alive 40 5 21,40 21,26 22,26 22,25 25,25 25,33 36,33 36,32
alive 55 1 15,41 15,42 14,42 14,25 5,25 5,5 11,5
=
40 39
22 35
0
alive 145 11 28,10 28,40 30,40 30,43 31,43 31,45 40,45 40,49 41,49 41,44 32,44 32,43 44,43 44,26 46,26 46,23 49,23 49,7 45,7 45,8 48,8 48,22 46,22
alive 35 1 29,9 41,9 41,31
alive 32 5 8,35 8,16 18,16 18,18
alive 9 3 4,18 4,14 8,14
=
2 46
27 9
0
alive 200 15 18,12 30,12 30,3 24,3 24,2 17,2 17,3 18,3 18,8 26,8 26,9 17,9 17,26 16,26 16,27 22,27 22,37 29,37 29,38 31,38 31,43 46,43 46,36 48,36 48,16 42,16 42,15 48,15 48,2 29,2
alive 5 2 6,24 10,24
alive 20 5 5,42 10,42 10,28
alive 5 4 2,39 2,35
