35 9
34 0
0
alive 95 0 15,34 19,34 19,40 36,40 36,43 37,43 37,34 35,34 35,33 39,33 39,35 40,35 40,16 36,16 36,14 38,14 38,12 48,12 48,7
alive 13 0 14,35 11,35 11,29 14,29
alive 55 0 15,33 14,33 14,32 19,32 19,28 24,28 24,10 44,10
alive 15 0 12,33 13,33 13,32 12,32 12,31 18,31 18,27
*
46 49
36 41
0
alive 130 1 28,19 28,21 27,21 27,28 26,28 26,20 27,20 27,17 24,17 24,18 26,18 26,19 21,19 21,15 19,15 19,14 10,14 10,29 1,29 1,35 0,35 0,40 1,40 1,38 21,38 21,32 34,32
alive 21 0 28,17 28,16 29,16 29,25 31,25 31,18
alive 5 0 34,17 34,16 35,16 35,18
alive 10 0 36,38 36,29
*
40 11
46 8
0
alive 185 1 40,40 40,41 42,41 42,49 43,49 43,42 47,42 47,39 42,39 42,37 45,37 45,35 49,35 49,34 29,34 29,22 30,22 30,18 31,18 31,15 36,15 36,16 32,16 32,23 30,23 30,33 44,33 44,24 48,24 48,12 36,12 36,4 31,4 31,0 28,0
alive 35 0 39,36 44,36 44,35 31,35 31,36 36,36 36,37 37,37 37,36 38,36 38,39 39,39 39,38
alive 10 0 38,15 41,15 41,13 40,13 40,14 38,14
alive 25 1 39,41 39,45 38,45 38,49 41,49 41,42 40,42 40,46
*
34 23
7 5
0
alive 34 1 32,45 32,48 33,48 33,30 31,30 31,26 32,26 32,28 33,28 33,27
alive 25 0 31,45 31,46 28,46 28,42 22,42 22,32
alive 30 0 21,19 21,20 19,20 19,24 20,24 20,21 21,21 21,29 22,29 22,21
alive 30 1 32,43 32,44 29,44 29,41 26,41 26,30 18,30
*
22 49
41 18
0
alive 25 1 3,6 6,6 6,5 3,5 3,4 8,4 8,12 7,12 7,10
alive 35 0 7,6 7,8 2,8 2,3 18,3 18,9
alive 35 0 10,41 10,24 12,24 12,22 14,22 14,20 19,20 19,17 18,17
alive 60 2 14,41 14,31 26,31 26,42 36,42 36,48 37,48 37,39
*
36 38
24 19
0
alive 227 11 2,2 0,2 0,32 2,32 2,33 5,33 5,39 8,39 8,37 37,37 37,40 34,40 34,41 38,41 38,29 42,29 42,28 45,28 45,27 47,27 47,14 46,14 46,8 42,8 42,2 37,2 37,14 39,14 39,15 36,15 36,2 33,2 33,0 3,0 3,2 9,2 9,4 6,4
alive 5 2 24,20 24,22 22,22
alive 20 2 24,27 24,28 15,28 15,31 9,31
alive 10 4 22,19 16,19 16,16
*
7 12
37 48
0
alive 310 14 0,40 1,40 1,29 2,29 2,47 29,47 29,37 46,37 46,26 45,26 45,36 28,36 28,46 23,46 23,45 27,45 27,30 25,30 25,29 27,29 27,24 26,24 26,25 25,25 25,17 29,17 29,15 37,15 37,5 43,5 43,13 44,13 44,25 45,25 45,22 46,22 46,21 47,21 47,46 48,46 48,12 44,12 44,10 48,10 48,9
alive 16 2 26,44 21,44 21,36 19,36
alive 50 3 41,4 36,4 36,14 35,14 35,5 17,5 17,6 22,6
alive 45 4 24,29 24,32 25,32 25,31 26,31 26,33 21,33 21,16 17,16 17,9 20,9
*
29 46
11 49
0
alive 220 22 6,18 6,19 5,19 5,17 8,17 8,4 6,4 6,1 0,1 0,43 16,43 16,35 44,35 44,33 46,33 46,37 49,37 49,36 48,36 48,11 45,11 45,8 39,8 39,6 37,6 37,2 35,2 35,0 15,0 15,1 20,1 20,2 15,2
alive 5 4 29,23 29,21 31,21
alive 15 5 26,34 23,34 23,23
alive 15 6 32,21 32,19 28,19 28,21 23,21 23,22
