43 2
46 1
0
alive 340 14 19,0 19,2 18,2 18,0 16,0 16,11 12,11 12,10 15,10 15,7 14,7 14,9 12,9 12,8 13,8 13,6 12,6 12,7 11,7 11,10 10,10 10,6 11,6 11,4 14,4 14,0 13,0 13,3 10,3 10,5 9,5 9,11 8,11 8,4 9,4 9,2 12,2 12,0 11,0 11,1 10,1 10,0 8,0 8,3 7,3 7,9 4,9 4,2 5,2 5,8 6,8 6,2 7,2 7,1 1,1 1,7 3,7 3,11 7,11 7,12 10,12 10,14 15,14 15,17 21,17 21,16 16,16 16,13 11,13 11,12 17,12 17,15 24,15 24,7 34,7 34,11 37,11 37,9 46,9 46,8 36,8 36,10 35,10 35,6 42,6 42,4 43,4 43,6 46,6 46,5 44,5 44,2 45,2 45,4 47,4 47,15 48,15 48,3 46,3 46,2 48,2 48,0 42,0 42,3 41,3 41,2 40,2 40,0 32,0
alive 15 3 42,16 42,21 43,21 43,13
alive 5 1 44,17 44,21
alive 25 1 43,29 43,45 37,45 37,43
*
45 5
20 26
0
alive 20 14 9,27 8,27 8,28 7,28 7,27 6,27 6,29 5,29 5,18
alive 25 3 9,28 11,28 11,27 10,27 10,26 6,26 6,20 15,20
alive 20 1 14,28 12,28 12,27 15,27 15,26 11,26 11,23 16,23
alive 50 1 27,36 27,40 28,40 28,32 41,32 41,48 34,48
*
9 1
24 36
0
alive 150 15 3,21 3,11 2,11 2,29 0,29 0,48 9,48 9,49 13,49 13,48 10,48 10,44 34,44 34,42 13,42 13,41 11,41 11,37 10,37 10,35 9,35 9,20 13,20
alive 20 7 3,23 8,23 8,22 4,22 4,13
alive 5 1 27,22 31,22
alive 50 1 30,17 42,17 42,28 37,28 37,29 47,29 47,39
*
46 25
14 33
0
alive 270 20 0,15 10,15 10,36 11,36 11,40 10,40 10,37 8,37 8,41 24,41 24,42 25,42 25,41 36,41 36,38 39,38 39,37 46,37 46,38 40,38 40,41 38,41 38,42 42,42 42,40 46,40 46,42 44,42 44,43 40,43 40,44 39,44 39,45 45,45 45,43 49,43 49,42 48,42 48,14 47,14 47,20 42,20 42,7 44,7 44,5 42,5 42,4 44,4 44,3 42,3 42,2 45,2 45,12 46,12 46,0 41,0 41,33
alive 25 9 33,26 40,26 40,25 30,25 30,19
alive 15 4 49,27 49,13
alive 5 2 34,27 32,27 32,29
*
9 32
40 28
0
alive 155 22 48,14 48,18 49,18 49,13 36,13 36,7 24,7 24,6 42,6 42,4 30,4 30,5 29,5 29,4 2,4 2,0 0,0 0,42 1,42 1,41
alive 25 9 42,19 49,19 49,36
alive 20 5 41,17 47,17 47,16 35,16
alive 20 2 47,14 47,15 34,15 34,13 31,13
*
