==============================Start of Game==============================
These lines are only displayed if the log was written to during the game.
4 50 50 1
Snake death
23 42
19 24
0
dead 1 0 0,0 1,0
alive 5 0 3,26 7,26
alive 5 0 12,13 12,17
alive 5 0 17,33 21,33
===========
Snake death
18 37
17 27
0
alive 5 1 21,22 25,22
alive 20 0 5,8 5,1 2,1 2,10
alive 55 1 4,15 4,2 3,2 3,24 2,24 2,25 13,25 13,30
alive 40 0 19,21 26,21 26,24 27,24 27,19 32,19 32,18 24,18 24,20 17,20
===========
Snake death
7 22
22 11
0
alive 5 2 16,8 20,8
alive 20 0 22,3 41,3
alive 15 2 18,17 25,17 25,15 30,15
alive 5 0 24,1 24,0 22,0 22,1
===========
Snake death
28 14
2 34
0
alive 5 3 44,28 44,32
alive 28 0 18,37 18,40 12,40 12,27 7,27
alive 10 2 45,22 45,13
alive 25 0 35,11 34,11 34,12 40,12 40,13 34,13 34,14 40,14 40,16
===========
Snake death
13 2
12 25
0
alive 5 3 22,6 22,10
alive 5 1 17,39 17,43
alive 15 2 13,29 13,30 5,30 5,31 9,31
alive 10 0 22,25 26,25 26,30
===========
Snake death
44 45
32 2
0
alive 5 4 30,7 34,7
alive 5 2 31,17 31,21
alive 5 3 10,28 6,28
alive 25 1 32,8 32,22 22,22
===========
Snake death
35 33
14 23
0
alive 5 4 26,9 26,13
alive 40 2 42,35 42,48 31,48 31,41 30,41 30,47 29,47
alive 30 3 33,26 33,11 30,11 30,18 31,18 31,15
alive 20 2 32,49 30,49 30,48 14,48
===========
Snake death
43 12
25 19
0
alive 5 4 16,12 20,12
alive 15 3 24,22 10,22
alive 10 4 29,49 28,49 28,41
alive 15 2 26,30 25,30 25,39 21,39
===========
Snake death
46 38
26 21
0
alive 5 9 5,35 5,39
alive 15 3 48,21 48,23 47,23 47,24 48,24 48,25 46,25 46,26 48,26 48,27 46,27
alive 10 4 47,21 47,22 46,22 46,24 45,24 45,28
alive 5 2 21,31 25,31
===========
Snake death
11 4
29 16
0
alive 5 11 32,3 36,3
alive 10 4 29,48 26,48 26,42
alive 23 5 11,47 11,48 9,48 9,29
alive 20 2 29,17 29,28 21,28
===========
===============================End of Game===============================
