20 16
36 29
0
alive 60 0 2,26 2,30 1,30 1,31 0,31 0,25 6,25 6,11 23,11 23,8 29,8
alive 50 0 36,49 25,49 25,41 40,41 40,40 33,40 33,33
alive 5 0 3,16 3,17 5,17 5,16
alive 15 1 24,11 24,9 34,9 34,7
*
30 20
35 45
0
alive 35 0 2,27 0,27 0,26 8,26 8,16 1,16 1,10
alive 70 0 9,12 9,1 41,1 41,27
alive 25 0 8,14 8,0 18,0
alive 35 1 30,44 30,32 29,32 29,39 28,39 28,48 29,48 29,45
*
37 16
9 21
0
alive 40 0 23,31 23,36 18,36 18,30 29,30 29,28 28,28 28,27 20,27
alive 75 0 22,6 22,3 31,3 31,19 10,19 10,14 9,14 9,1 15,1
alive 5 0 20,33 20,35 19,35 19,34
alive 8 1 15,2 22,2
*
