39 28
18 43
0
alive 134 1 36,5 36,4 35,4 35,5 34,5 34,3 33,3 33,2 30,2 30,1 28,1 28,0 31,0 31,1 34,1 34,2 36,2 36,3 38,3 38,4 39,4 39,9 41,9 41,23 40,23 40,10 38,10 38,9 22,9 22,12 17,12 17,9 18,9 18,11 21,11 21,6 24,6 24,5 27,5 27,6 25,6 25,7 29,7 29,6 38,6 38,5 37,5
alive 125 0 5,43 2,43 2,44 5,44 5,48 4,48 4,46 2,46 2,48 0,48 0,41 35,41 35,44 36,44 36,37 33,37 33,36 35,36 35,26 41,26 41,25 45,25 45,26 46,26 46,24 47,24 47,25 48,25 48,31 39,31 39,32 38,32
alive 50 0 29,17 29,13 23,13 23,12 32,12 32,11 23,11 23,10 33,10 33,16 34,16 34,15
alive 35 0 35,14 35,10 37,10 37,21 38,21 38,11 39,11 39,16
*
47 19
42 27
0
alive 54 1 0,30 0,33 1,33 1,13 23,13 23,15 24,15 24,19
alive 165 0 47,49 43,49 43,48 39,48 39,45 44,45 44,46 40,46 40,47 44,47 44,48 48,48 48,44 21,44 21,40 41,40 41,39 39,39 39,28 40,28 40,33 44,33 44,32 41,32 41,29 46,29 46,30 42,30 42,31 46,31 46,32 45,32 45,33 46,33 46,34 40,34 40,38 42,38 42,35 46,35 46,36 44,36 44,38 46,38
alive 80 0 6,30 2,30 2,14 13,14 13,46 4,46 4,39
alive 50 0 1,12 1,0 38,0
*
11 14
3 27
0
alive 320 8 10,35 10,33 5,33 5,23 12,23 12,26 16,26 16,37 18,37 18,34 19,34 19,36 20,36 20,33 18,33 18,28 19,28 19,29 22,29 22,26 21,26 21,28 20,28 20,26 18,26 18,22 19,22 19,25 22,25 22,22 21,22 21,24 20,24 20,21 39,21 39,22 34,22 34,40 33,40 33,45 28,45 28,48 26,48 26,47 27,47 27,44 32,44 32,39 33,39 33,37 32,37 32,38 31,38 31,43 26,43 26,46 9,46 9,47 6,47 6,46 3,46 3,28 2,28 2,26 0,26 0,25 4,25 4,45 7,45 7,46 8,46 8,45 25,45 25,44 5,44 5,35 7,35
alive 185 1 48,21 48,29 45,29 45,7 44,7 44,3 42,3 42,2 45,2 45,6 46,6 46,28 47,28 47,6 48,6 48,5 46,5 46,4 48,4 48,3 46,3 46,2 48,2 48,0 37,0 37,4 40,4 40,37 46,37 46,42 49,42 49,34 48,34 48,35
alive 13 4 9,36 9,39 17,39 17,38
alive 10 0 34,41 34,43 35,43 35,42 36,42 36,39 35,39
*
2 0
20 46
0
alive 70 9 9,2 9,0 10,0 10,1 11,1 11,2 10,2 10,3 7,3 7,2 8,2 8,1 7,1 7,0 6,0 6,1 5,1 5,0 4,0 4,8 5,8 5,9 7,9 7,10 10,10 10,13 11,13 11,18 12,18 12,5 7,5 7,4 10,4
alive 75 2 36,46 41,46 41,47 42,47 42,45 46,45 46,46 44,46 44,48 48,48 48,5 44,5 44,4 41,4 41,5
alive 15 4 0,46 0,32
alive 5 0 19,21 19,19 21,19
*
10 23
14 41
0
alive 30 9 45,44 46,44 46,45 47,45 47,46 49,46 49,45 48,45 48,44 47,44 47,43 46,43 46,42 45,42 45,41 44,41 44,48 43,48 43,47 42,47 42,49 41,49
alive 105 2 8,22 6,22 6,2 1,2 1,0 7,0 7,21 33,21 33,26 41,26 41,27 33,27
alive 5 4 46,41 48,41 48,43
alive 15 0 18,41 32,41
*
30 0
24 3
0
alive 15 9 7,12 20,12 20,11
alive 115 2 4,43 6,43 6,42 3,42 3,24 0,24 0,3 5,3 5,23 10,23 10,22 6,22 6,2 1,2 1,0 5,0
alive 10 4 40,10 40,17 38,17
alive 10 0 28,14 28,19 24,19
*
14 0
5 48
0
alive 90 9 0,0 0,3 1,3 1,2 2,2 2,3 4,3 4,4 3,4 3,5 9,5 9,6 10,6 10,14 11,14 11,17 14,17 14,14 25,14 25,13 13,13 13,16 12,16 12,13 11,13 11,0 5,0
alive 185 4 9,27 31,27 31,23 27,23 27,13 26,13 26,12 16,12 16,4 28,4 28,0 29,0 29,21 28,21 28,22 34,22 34,26 33,26 33,30 34,30 34,29 42,29 42,30 49,30 49,49 37,49 37,44 38,44 38,48 42,48 42,45 45,45
alive 20 4 29,31 35,31 35,30 41,30 41,31 45,31 45,32
alive 45 0 43,14 43,22 44,22 44,16 49,16 49,17 45,17 45,18 49,18 49,19 45,19 45,20 49,20 49,21 46,21
*
38 4
0 9
0
alive 124 10 1,22 1,26 3,26 3,23 12,23 12,21 11,21 11,22 10,22 10,19 3,19 3,18 18,18 18,30 19,30 19,31 6,31 6,37 5,37 5,40 4,40 4,41 1,41 1,40 0,40 0,21 1,21 1,20 0,20 0,18 2,18 2,22
alive 20 6 38,3 38,2 46,2 46,1 42,1 42,0 46,0
alive 25 4 42,26 42,48 41,48 41,49
alive 55 0 41,22 41,47 30,47 30,30 29,30
*
26 22
3 18
0
alive 170 10 26,17 26,11 25,11 25,10 24,10 24,8 23,8 23,5 14,5 14,4 2,4 2,5 0,5 0,6 3,6 3,7 4,7 4,5 13,5 13,6 22,6 22,12 19,12 19,11 21,11 21,8 19,8 19,9 20,9 20,10 9,10 9,9 12,9 12,6 6,6 6,7 11,7 11,8 3,8 3,13 14,13 14,15 16,15 16,14 20,14 20,20 21,20 21,15 25,15 25,17
alive 20 8 42,46 42,45 46,45 46,46 44,46 44,48 48,48 48,43
alive 30 4 26,18 35,18 35,38
alive 10 1 8,18 16,18 16,19
*
34 11
46 3
0
alive 100 12 29,20 34,20 34,21 28,21 28,20 27,20 27,22 36,22 36,23 38,23 38,24 40,24 40,28 47,28 47,31 48,31 48,32 49,32 49,19 42,19 42,23 39,23 39,22 37,22 37,21 36,21 36,19 35,19 35,17 34,17 34,15 31,15 31,11 29,11 29,9
alive 95 9 0,25 0,9 3,9 3,8 4,8 4,2 3,2 3,6 1,6 1,8 0,8 0,5 2,5 2,2 1,2 1,4 0,4 0,0 5,0 5,1 6,1 6,0 34,0 34,5
alive 35 5 30,18 32,18 32,17 25,17 25,13 24,13 24,32
alive 35 1 30,15 30,16 33,16 33,19 25,19 25,38
*
3 0
37 7
0
alive 35 12 4,8 0,8 0,5 1,5 1,3 0,3 0,2 5,2 5,3 7,3 7,4 5,4 5,12 4,12 4,10
alive 5 9 47,13 47,17
alive 45 5 27,35 27,40 26,40 26,41 28,41 28,29 33,29 33,28 25,28 25,19
alive 10 1 4,36 4,43 2,43
*
41 38
12 36
0
alive 165 13 7,30 7,45 6,45 6,29 36,29 36,30 21,30 21,33 14,33 14,34 22,34 22,35 21,35 21,49 26,49 26,48 22,48 22,41 23,41 23,47 24,47 24,45 32,45 32,47 37,47 37,43 42,43
alive 165 12 0,17 0,11 1,11 1,10 0,10 0,0 15,0 15,6 11,6 11,7 10,7 10,14 7,14 7,19 6,19 6,13 9,13 9,11 8,11 8,7 6,7 6,2 5,2 5,4 4,4 4,2 2,2 2,48 0,48 0,25
alive 40 6 19,27 12,27 12,28 20,28 20,7 22,7
alive 20 1 11,26 11,28 8,28 8,17 11,17
*
48 30
28 1
0
alive 25 13 0,0 14,0 14,2 18,2 18,1 21,1
alive 189 12 0,13 0,11 2,11 2,1 13,1 13,7 12,7 12,32 7,32 7,31 11,31 11,25 7,25 7,29 6,29 6,24 10,24 10,23 5,23 5,35 4,35 4,21 6,21 6,5 12,5 12,2 4,2 4,4 3,4 3,5 5,5 5,20 3,20 3,26
alive 55 6 48,40 48,46 41,46 41,40 43,40 43,36 44,36 44,35 45,35 45,17 44,17 44,24
alive 35 1 40,33 40,38 39,38 39,44 40,44 40,39 41,39 41,24
*
35 18
30 34
0
alive 195 17 23,18 23,19 27,19 27,17 21,17 21,16 12,16 12,15 14,15 14,14 20,14 20,11 17,11 17,12 13,12 13,14 9,14 9,15 8,15 8,13 10,13 10,11 9,11 9,10 22,10 22,11 21,11 21,12 22,12 22,16 23,16 23,13 24,13 24,9 3,9 3,6 2,6 2,5 22,5 22,6 24,6 24,5 25,5 25,4 26,4 26,3 31,3 31,2 21,2 21,4 1,4 1,12 3,12 3,11 4,11
alive 120 13 32,18 31,18 31,21 30,21 30,5 36,5 36,45 37,45 37,43 46,43 46,44 38,44 38,47 41,47 41,48 42,48 42,46 39,46 39,45 46,45 46,46 44,46 44,48 48,48 48,47
alive 20 6 28,20 9,20
alive 35 2 22,19 4,19 4,20 0,20 0,21 3,21 3,28
*
36 9
29 41
0
alive 135 18 8,32 9,32 9,33 12,33 12,30 11,30 11,32 10,32 10,29 9,29 9,31 8,31 8,19 12,19 12,16 16,16 16,26 15,26 15,34 16,34 16,49 15,49 15,35 0,35 0,9 1,9
alive 100 14 49,9 49,49 46,49 46,48 48,48 48,33 47,33 47,35 46,35 46,39 43,39 43,41 42,41 42,39 40,39 40,25 41,25 41,30
alive 10 6 27,41 18,41
alive 35 4 15,23 15,25 14,25 14,34 7,34 7,19
*
48 33
28 0
0
alive 40 18 4,1 4,13 5,13 5,9 6,9 6,6 5,6 5,0 1,0 1,1 0,1 0,2 2,2 2,3 3,3
alive 125 14 9,28 2,28 2,27 17,27 17,23 22,23 22,20 49,20 49,47 48,47 48,41 41,41 41,44 26,44 26,43 28,43
alive 65 6 30,19 29,19 29,18 28,18 28,19 22,19 22,18 19,18 19,19 21,19 21,20 19,20 19,21 21,21 21,22 18,22 18,17 35,17 35,12 37,12 37,9 35,9 35,6
alive 25 5 24,33 18,33 18,31 21,31 21,26 19,26 19,27 20,27 20,30 19,30
*
45 2
47 8
0
alive 30 18 32,1 32,12 31,12 31,18 32,18 32,28
alive 155 15 6,15 6,11 18,11 18,0 33,0 33,29 36,29 36,28 34,28 34,13 35,13 35,14 48,14 48,9 49,9 49,49 48,49
alive 20 6 17,5 17,0 16,0 16,10 17,10 17,8
alive 5 5 31,2 31,6
*
43 17
47 21
0
alive 155 20 27,18 27,24 26,24 26,25 25,25 25,24 24,24 24,25 23,25 23,24 22,24 22,25 21,25 21,23 26,23 26,17 25,17 25,22 20,22 20,35 18,35 18,32 17,32 17,42 21,42 21,34 23,34 23,33 22,33 22,31 21,31 21,26 28,26 28,16 25,16 25,15 16,15 16,13 15,13 15,12 3,12 3,11 1,11 1,12 2,12 2,13 0,13 0,14 5,14
alive 30 16 29,27 25,27 25,33 24,33 24,38 23,38 23,44 17,44
alive 5 7 43,40 43,41 40,41
alive 15 5 22,18 24,18 24,17 15,17 15,18 16,18
*
37 12
21 30
0
alive 51 20 0,1 0,2 3,2 3,19 5,19 5,46
alive 45 16 46,28 46,32 47,32 47,18 43,18 43,17 49,17 49,31
alive 35 8 5,8 4,8 4,18 5,18 5,16 12,16 12,8 11,8 11,12
alive 25 5 2,0 2,1 4,1 4,2 16,2 16,10
*
40 32
30 29
0
alive 150 22 29,45 29,4 48,4 48,3 24,3 24,2 22,2 22,1 19,1 19,2 21,2 21,11 25,11 25,24 21,24 21,21 20,21 20,24 19,24 19,40
alive 150 17 12,0 7,0 7,1 4,1 4,41 19,41 19,43 23,43 23,46 36,46 36,48 40,48 40,43 46,43 46,44 41,44 41,48 42,48 42,45 46,45 46,46 44,46 44,48 48,48 48,41 49,41 49,30
alive 5 8 13,29 12,29 12,26
alive 45 5 10,29 11,29 11,22 8,22 8,21 7,21 7,39 6,39 6,27
*
24 12
42 27
0
alive 17 22 8,31 8,32 9,32 9,18
alive 165 19 33,34 33,45 26,45 26,43 0,43 0,42 3,42 3,41 27,41 27,44 32,44 32,35 30,35 30,34 28,34 28,40 3,40 3,36 2,36 2,26 1,26 1,25 4,25 4,39 5,39 5,38
alive 5 8 7,30 5,30 5,28
alive 15 6 1,37 1,36 0,36 0,35 1,35 1,34 0,34 0,33 1,33 1,32 0,32 0,28
*
1 32
11 47
0
alive 185 28 49,14 21,14 21,16 20,16 20,14 18,14 18,11 19,11 19,13 22,13 22,10 21,10 21,12 20,12 20,4 11,4 11,5 18,5 18,10 15,10 15,14 12,14 12,15 3,15 3,10 2,10 2,11 0,11 0,12 2,12 2,13 0,13 0,14 2,14 2,15 0,15 0,16 2,16 2,17 0,17 0,18 4,18 4,19 5,19 5,17 33,17 33,18 15,18
alive 140 20 48,34 48,24 15,24 15,22 3,22 3,38 4,38 4,33 8,33 8,25 19,25 19,27 21,27 21,28 20,28 20,29 19,29 19,30 18,30 18,31 17,31 17,32 16,32 16,33 38,33
alive 10 9 11,41 20,41
alive 10 6 22,42 31,42
*
22 49
6 2
0
alive 75 30 11,0 11,15 8,15 8,14 10,14 10,6 3,6 3,7 0,7 0,8 6,8 6,7 9,7 9,13 7,13 7,12 8,12 8,8 7,8 7,11 2,11
alive 20 22 48,2 48,0 47,0 47,16
alive 15 9 24,33 38,33
alive 20 6 25,46 43,46 43,45
