40 47
44 29
0
alive 55 0 37,10 22,10 22,4 0,4 0,2 6,2 6,0 7,0
alive 36 0 15,48 13,48 13,44 1,44 1,36 9,36 9,37
alive 45 0 11,29 15,29 15,28 10,28 10,34 1,34 1,35 10,35 10,37 11,37 11,31
alive 45 0 16,2 16,0 48,0 48,10
*
36 39
27 1
0
alive 92 0 31,14 31,16 32,16 32,24 31,24 31,20 29,20 29,15 24,15 24,14 10,14 10,0 25,0 25,13 30,13 30,14
alive 45 1 48,37 49,37 49,38 48,38 48,39 49,39 49,46 47,46 47,16
alive 25 0 28,46 12,46 12,39 13,39
alive 30 3 27,45 13,45 13,40 14,40 14,38 16,38 16,37 12,37
*
38 44
28 35
0
alive 115 0 31,7 7,7 7,21 8,21 8,28 9,28 9,20 8,20 8,8 9,8 9,13 19,13 19,35 11,35
alive 63 1 7,37 2,37 2,32 3,32 3,34 4,34 4,6 24,6
alive 25 0 9,35 9,36 20,36 20,24
alive 10 3 3,30 3,26 2,26 2,30
*
10 1
41 31
0
alive 140 0 31,32 20,32 20,21 9,21 9,22 11,22 11,27 0,27 0,25 6,25 6,19 8,19 8,14 0,14 0,13 10,13 10,14 11,14 11,10 18,10 18,9 6,9 6,3 5,3 5,2 3,2 3,0 12,0
alive 15 1 33,31 21,31 21,29
alive 10 0 21,1 27,1 27,0 25,0
alive 30 3 17,1 19,1 19,18 20,18 20,17 21,17 21,13 24,13
*
