4 0
29 49
0
alive 79 0 46,10 49,10 49,9 45,9 45,13 30,13 30,12 44,12 44,9 32,9 32,6 14,6
alive 70 0 2,48 0,48 0,44 4,44 4,43 12,43 12,44 5,44 5,45 33,45 33,46 21,46
alive 11 0 33,44 29,44 29,38
alive 10 1 46,14 46,13 49,13 49,17 48,17
*
21 32
0 21
0
alive 375 14 20,20 20,15 19,15 19,19 18,19 18,10 19,10 19,13 22,13 22,10 21,10 21,12 20,12 20,7 22,7 22,6 11,6 11,2 9,2 9,3 10,3 10,4 9,4 9,5 10,5 10,6 9,6 9,7 8,7 8,8 9,8 9,9 10,9 10,7 16,7 16,9 15,9 15,8 13,8 13,10 9,10 9,11 10,11 10,12 8,12 8,13 3,13 3,9 2,9 2,0 0,0 0,1 1,1 1,2 0,2 0,3 1,3 1,4 0,4 0,5 1,5 1,6 0,6 0,7 1,7 1,8 0,8 0,9 1,9 1,10 2,10 2,12 1,12 1,15 3,15 3,22 4,22 4,14 8,14 8,17 12,17 12,24 0,24 0,26 1,26 1,27 2,27 2,25 28,25 28,35 34,35 34,46 35,46 35,30 31,30 31,19 26,19 26,20 30,20 30,34 29,34 29,22 23,22 23,24 22,24 22,22 21,22 21,24 20,24 20,22 18,22 18,20 19,20 19,21 22,21 22,19 24,19 24,17 39,17 39,18 40,18 40,16
alive 130 4 36,40 36,35 40,35 40,30 36,30 36,22 38,22 38,20 41,20 41,11 49,11 49,49 42,49 42,45 46,45 46,46 43,46 43,48 48,48 48,41 40,41
alive 10 0 21,19 21,14 23,14 23,12
alive 10 3 38,32 38,34 39,34 39,31 36,31
*
9 37
28 24
0
alive 60 14 1,0 1,7 0,7 0,8 4,8 4,9 12,9 12,8 17,8 17,6 10,6 10,3 7,3 7,0 6,0 6,1 4,1 4,2 6,2 6,3 4,3 4,4 6,4
alive 40 5 38,38 32,38 32,19 41,19 41,24
alive 50 1 28,21 28,18 32,18 32,7 43,7 43,6 24,6
alive 5 4 24,38 24,39 25,39 25,37
*
0 31
20 4
0
alive 175 16 2,39 2,26 6,26 6,17 3,17 3,3 5,3 5,2 2,2 2,1 8,1 8,10 9,10 9,3 10,3 10,2 16,2 16,1 26,1 26,0 0,0 0,1 1,1 1,2 0,2 0,3 1,3 1,4 0,4 0,5 1,5 1,6 0,6 0,7 1,7 1,39 0,39 0,40 7,40
alive 160 5 42,45 3,45 3,41 9,41 9,37 26,37 26,41 45,41 45,42 46,42 46,40 27,40 27,39 48,39 48,40 47,40 47,42 49,42 49,49 43,49 43,47
alive 40 2 11,10 16,10 16,12 6,12 6,11 10,11 10,9 17,9 17,17
alive 40 4 3,38 3,27 7,27 7,25 9,25 9,26 17,26 17,27 19,27 19,35
*
38 40
24 43
0
alive 45 16 0,7 1,7 1,8 0,8 0,9 1,9 1,10 0,10 0,11 1,11 1,12 0,12 0,13 1,13 1,14 0,14 0,15 1,15 1,16 0,16 0,17 1,17 1,18 0,18 0,19 1,19 1,20 0,20 0,21 1,21 1,24 2,24 2,21 3,21 3,14
alive 200 5 48,27 48,20 43,20 43,19 35,19 35,25 36,25 36,20 42,20 42,49 41,49 41,31 29,31 29,29 27,29 27,28 30,28 30,30 31,30 31,9 27,9 27,8 26,8 26,24 25,24 25,25 22,25 22,39 21,39 21,43 18,43 18,42 20,42 20,40 6,40
alive 45 2 37,17 37,18 38,18 38,13 46,13 46,12 33,12 33,3 32,3 32,7 31,7
alive 30 4 21,38 21,32 20,32 20,36 15,36 15,23
*
44 47
45 45
0
alive 45 16 6,12 6,14 7,14 7,12 8,12 8,11 5,11 5,9 4,9 4,10 3,10 3,11 1,11 1,14 2,14 2,17 1,17 1,15 0,15 0,18 3,18 3,17 6,17 6,15 5,15 5,13
alive 260 9 45,37 45,19 47,19 47,13 45,13 45,7 38,7 38,6 35,6 35,7 37,7 37,11 33,11 33,12 32,12 32,10 16,10 16,11 27,11 27,31 16,31 16,37 11,37 11,38 25,38 25,36 38,36 38,37 26,37 26,47 32,47 32,46 27,46 27,42 38,42 38,44 34,44 34,48 36,48 36,45 38,45 38,46 37,46 37,49 38,49 38,48 40,48 40,25
alive 10 2 46,22 46,20 48,20 48,15
alive 5 4 15,36 15,34 14,34 14,35
*
37 7
24 5
0
alive 70 16 20,33 22,33 22,30 21,30 21,32 20,32 20,29 22,29 22,26 21,26 21,28 20,28 20,25 23,25 23,33 24,33 24,32 40,32 40,31 44,31 44,20
alive 325 9 17,5 15,5 15,24 14,24 14,22 13,22 13,3 22,3 22,2 6,2 6,5 5,5 5,23 2,23 2,18 4,18 4,4 5,4 5,3 3,3 3,17 2,17 2,0 1,0 1,14 0,14 0,25 6,25 6,19 10,19 10,28 11,28 11,49 23,49 23,48 41,48 41,49 46,49 46,47 47,47 47,21 49,21 49,6 48,6 48,4 36,4
alive 15 2 25,45 25,36 26,36 26,33 25,33
alive 60 4 24,35 24,37 22,37 22,38 24,38 24,47 19,47 19,37 21,37 21,36 19,36 19,24 23,24 23,18 22,18
*
*******
LongestLength:375.0
Mean Length:120.3211
Game Length:10000.0
Deaths:1.0
Total kills:0.0
Trapped Count:252.0
*******
25 27
36 48
0
alive 25 16 5,5 5,17 6,17 6,11 11,11
alive 15 10 27,47 13,47
alive 15 2 21,27 12,27 12,22
alive 25 5 3,23 3,4 8,4
*
5 24
39 0
0
alive 100 17 7,12 4,12 4,9 3,9 3,8 5,8 5,9 6,9 6,10 5,10 5,11 8,11 8,12 9,12 9,13 12,13 12,10 11,10 11,12 10,12 10,9 13,9 13,7 12,7 12,8 11,8 11,7 1,7 1,9 0,9 0,10 1,10 1,15 5,15 5,16 10,16 10,15 16,15 16,14 23,14 23,13 15,13 15,14 14,14
alive 25 10 47,34 41,34 41,33 49,33 49,42
alive 60 2 39,10 39,14 25,14 25,32 24,32 24,12 22,12
alive 50 8 39,32 39,36 25,36 25,40 23,40 23,45 21,45 21,47 31,47 31,41
