=
12 17
37 35
0
alive 110 0 44,7 44,5 42,5 42,4 45,4 45,12 39,12 39,11 44,11 44,8 36,8 36,7 42,7 42,6 39,6 39,5 40,5 40,2 46,2 46,13 32,13 32,10 30,10 30,9 31,9 31,8 32,8 32,7 33,7 33,4 36,4 36,3 38,3 38,2 39,2 39,1
alive 55 0 12,30 12,31 5,31 5,7 27,7
alive 60 0 48,28 22,28 22,31 23,31 23,29 49,29 49,30
alive 15 0 33,44 23,44 23,40
=
21 47
9 32
0
alive 65 0 20,23 20,20 48,20 48,5 39,5 39,1 34,1
alive 15 0 21,25 21,21 31,21
alive 40 0 5,8 5,7 10,7 10,10 19,10 19,24 20,24 20,28 18,28
alive 26 1 5,5 5,6 11,6 11,9 20,9 20,15
=
9 31
17 10
0
alive 270 8 35,38 36,38 36,36 37,36 37,19 38,19 38,18 36,18 36,35 35,35 35,37 34,37 34,46 12,46 12,45 2,45 2,44 0,44 0,41 3,41 3,44 13,44 13,45 14,45 14,41 16,41 16,39 33,39 33,36 34,36 34,34 35,34 35,11 46,11 46,33 45,33 45,40 47,40 47,45 48,45 48,0 40,0
alive 40 0 47,11 47,10 34,10 34,33 32,33
alive 5 2 45,22 45,26
alive 5 1 19,10 23,10
=
