33 12
19 49
0
alive 170 1 22,44 24,44 24,46 14,46 14,45 18,45 18,44 21,44 21,42 29,42 29,37 43,37 43,35 44,35 44,34 42,34 42,36 28,36 28,41 15,41 15,42 20,42 20,43 17,43 17,44 12,44 12,49 14,49 14,48 13,48 13,47 24,47 24,49 25,49 25,43 32,43 32,41 41,41 41,38 46,38 46,33
alive 10 0 48,34 48,31 42,31
alive 20 0 49,36 47,36 47,32 34,32
alive 15 2 26,39 27,39 27,40 15,40
=
41 11
40 8
0
alive 170 2 38,26 38,44 10,44 10,36 2,36 2,22 1,22 1,21 0,21 0,0 24,0 24,8 38,8 38,25 39,25 39,30
alive 50 0 37,35 37,43 21,43 21,35 20,35 20,43 12,43
alive 65 3 37,29 37,34 24,34 24,33 20,33 20,19 19,19 19,14 18,14 18,7 17,7 17,19
alive 40 2 43,43 43,45 42,45 42,40 41,40 41,45 38,45 38,46 42,46 42,48 46,48 46,39 44,39
=
37 18
48 5
0
alive 95 3 8,31 8,22 10,22 10,32 7,32 7,20 9,20 9,19 11,19 11,45 17,45 17,47 36,47
alive 5 0 48,25 48,29
alive 70 4 30,18 24,18 24,19 27,19 27,34 35,34 35,35 36,35 36,34 38,34 38,38 39,38 39,34 45,34 45,25 38,25
alive 10 2 27,17 23,17 23,19 22,19 22,17
=
5 0
47 9
0
alive 295 10 39,14 36,14 36,13 38,13 38,12 40,12 40,15 38,15 38,16 35,16 35,17 32,17 32,16 34,16 34,15 33,15 33,14 35,14 35,13 34,13 34,12 36,12 36,10 27,10 27,7 34,7 34,3 47,3 47,1 26,1 26,36 27,36 27,18 43,18 43,17 41,17 41,9 28,9 28,8 42,8 42,15 44,15 44,16 46,16 46,15 45,15 45,14 44,14 44,6 37,6 37,5 45,5 45,13 46,13 46,10 47,10 47,14 48,14 48,0 31,0
alive 45 0 47,28 34,28 34,29 45,29 45,47 44,47
alive 50 5 11,27 11,40 12,40 12,14 11,14 11,22
alive 45 2 14,30 14,43 15,43 15,19 18,19 18,22
=
32 37
8 13
0
alive 165 11 24,30 24,24 23,24 23,23 16,23 16,17 17,17 17,22 24,22 24,23 26,23 26,31 23,31 23,32 17,32 17,35 6,35 6,9 7,9 7,10 10,10 10,30 9,30 9,31 22,31 22,25 11,25 11,13
alive 55 1 20,15 20,20 19,20 19,12 12,12 12,13 18,13 18,21 25,21 25,22 26,22 26,20 33,20
alive 75 6 37,11 37,9 49,9 49,47 27,47
alive 45 4 32,12 32,10 36,10 36,9 27,9 27,0 29,0 29,7 32,7 32,3 31,3 31,5
=
6 30
42 42
0
alive 245 15 4,44 4,46 2,46 2,43 6,43 6,49 4,49 4,48 5,48 5,47 0,47 0,42 18,42 18,43 27,43 27,45 35,45 35,49 38,49 38,47 40,47 40,46 37,46 37,48 36,48 36,44 28,44 28,43 29,43 29,38 31,38 31,37 28,37 28,42 19,42 19,41 8,41 8,35 9,35 9,40 20,40 20,41 21,41 21,39 10,39 10,33 0,33 0,0 18,0
alive 15 2 6,24 6,21 17,21
alive 15 6 42,36 42,22
alive 10 6 19,28 28,28
=
37 26
18 0
0
alive 79 17 36,36 36,33 34,33 34,36 35,36 35,37 36,37 36,41 37,41 37,32 23,32 23,1 30,1 30,0
alive 10 2 34,38 35,38 35,41 32,41 32,42 33,42
alive 15 7 9,44 2,44 2,45 7,45 7,46
alive 25 7 10,36 2,36 2,32 14,32
=
7 1
5 7
0
alive 70 17 46,5 46,2 44,2 44,6 48,6 48,1 49,1 49,0 43,0 43,9 9,9
alive 60 2 11,12 11,46 20,46 20,41 15,41 15,35
alive 5 7 47,19 47,23
alive 5 7 39,10 43,10
=
13 11
18 15
0
alive 189 26 2,42 2,28 25,28 25,29 3,29 3,42 4,42 4,30 10,30 10,31 6,31 6,45 3,45 3,44 5,44 5,43 0,43 0,29 1,29 1,13 0,13 0,0 20,0
alive 30 2 19,33 19,37 7,37 7,38 19,38
alive 20 7 18,5 18,4 22,4 22,3 33,3 33,5
alive 20 7 7,10 7,3 19,3
=
25 46
9 13
0
alive 75 26 49,21 49,28 48,28 48,14 37,14 37,16 38,16 38,21 37,21 37,42 26,42
alive 15 2 48,11 49,11 49,12 37,12
alive 25 7 49,19 49,13 36,13 36,16 34,16
alive 30 7 9,46 6,46 6,20
=
43 31
27 30
0
alive 160 26 40,8 48,8 48,4 47,4 47,7 40,7 40,6 46,6 46,5 42,5 42,4 44,4 44,3 49,3 49,24 46,24 46,18 47,18 47,23 48,23 48,17 46,17 46,16 45,16 45,12 40,12 40,11 47,11 47,15 48,15 48,10 39,10 39,5 41,5 41,1 48,1 48,0 35,0
alive 77 4 24,10 22,10 22,24 9,24 9,16 8,16 8,18 4,18 4,33 12,33 12,42
alive 5 8 28,11 26,11 26,13
alive 15 7 29,8 35,8 35,16
=
20 46
49 19
0
alive 116 26 42,6 42,5 40,5 40,7 44,7 44,6 45,6 45,5 48,5 48,2 36,2 36,3 45,3 45,4 4,4 4,6 35,6
alive 15 5 24,26 38,26
alive 10 8 43,9 43,8 45,8 45,7 46,7 46,6 49,6
alive 25 7 16,26 10,26 10,27 17,27 17,28 8,28
=
18 24
45 48
0
alive 60 26 49,9 49,14 48,14 48,8 49,8 49,7 35,7 35,10 12,10 12,9 16,9
alive 30 5 10,21 4,21 4,17 3,17 3,22 0,22 0,23 3,23 3,24 8,24
alive 30 8 30,38 30,33 29,33 29,38 26,38 26,33 25,33 25,42
alive 40 7 27,37 27,23 21,23 21,34 20,34 20,41
=
15 13
21 24
0
alive 130 26 0,49 0,40 2,40 2,48 6,48 6,49 7,49 7,35 0,35 0,25 6,25 6,21 20,21 20,9 18,9 18,3 13,3 13,2 4,2 4,1 11,1 11,0 16,0
alive 18 5 34,33 34,35 35,35 35,21
alive 15 8 28,49 30,49 30,48 19,48
alive 15 7 35,39 35,45 29,45 29,47
=
25 8
11 45
0
alive 230 27 43,46 46,46 46,45 44,45 44,44 47,44 47,46 48,46 48,48 28,48 28,49 27,49 27,47 1,47 1,32 0,32 0,0 47,0 47,23 49,23 49,43 42,43 42,46 28,46
alive 15 6 32,40 46,40
alive 5 10 25,20 25,24
alive 50 7 11,39 11,30 24,30 24,45 17,45 17,44 14,44 14,43
=
5 49
19 45
0
alive 240 33 47,28 45,28 45,25 44,25 44,14 43,14 43,31 47,31 47,30 44,30 44,29 48,29 48,27 46,27 46,13 44,13 44,4 45,4 45,2 47,2 47,26 48,26 48,0 44,0 44,3 43,3 43,5 42,5 42,32 49,32 49,42 48,42 48,41 13,41 13,40 26,40
alive 50 7 33,36 28,36 28,35 42,35 42,37 27,37 27,25
alive 10 11 2,35 2,26
alive 10 7 3,41 3,32
=
19 13
28 28
0
alive 140 34 0,0 0,31 2,31 2,32 9,32 9,40 10,40 10,31 3,31 3,30 1,30 1,9 7,9 7,12 6,12 6,10 2,10 2,29 16,29
alive 35 8 5,18 3,18 3,28 8,28 8,23 7,23 7,27 6,27 6,23 5,23 5,24
alive 57 14 40,44 40,46 30,46 30,27 29,27 29,35 28,35 28,40 24,40 24,34
alive 12 8 1,4 1,0 8,0
=
41 6
35 0
0
alive 285 36 14,40 14,48 8,48 8,49 7,49 7,39 16,39 16,33 5,33 5,35 4,35 4,38 1,38 1,22 2,22 2,37 3,37 3,30 17,30 17,1 16,1 16,0 29,0 29,5 33,5 33,6 22,6 22,48 37,48 37,49 47,49 47,48 48,48 48,45 49,45 49,44 46,44 46,48 43,48 43,47 25,47
alive 6 9 21,14 20,14 20,18
alive 5 15 23,16 23,15 26,15
alive 15 9 29,13 23,13 23,14 30,14
=
27 13
4 44
0
alive 20 36 0,0 19,0
alive 15 9 0,1 14,1
alive 23 15 26,33 11,33 11,26
alive 15 9 21,27 18,27 18,16
=
6 14
24 38
0
alive 175 38 15,22 12,22 12,21 18,21 18,23 24,23 24,22 19,22 19,21 38,21 38,24 40,24 40,37 41,37 41,34 48,34 48,40 34,40 34,45 33,45 33,47 19,47 19,34 20,34 20,46 32,46 32,45 21,45 21,44 22,44 22,37
alive 5 9 21,35 21,33 19,33
alive 55 15 7,14 9,14 9,25 17,25 17,22 16,22 16,24 10,24 10,20 27,20
alive 35 9 26,0 49,0 49,11
=
48 16
15 1
0
alive 185 44 21,5 21,6 19,6 19,4 22,4 22,2 1,2 1,0 6,0 6,1 7,1 7,0 44,0 44,16 41,16 41,14 40,14 40,13 39,13 39,12 38,12 38,11 36,11 36,10 30,10 30,9 29,9 29,8 9,8 9,16 16,16 16,26 0,26 0,20
alive 10 11 15,43 15,47 10,47
alive 10 17 8,9 8,17 9,17
alive 10 10 36,16 31,16 31,15 34,15
=
36 35
26 6
0
alive 50 44 16,15 16,6 17,6 17,15 20,15 20,5 14,5 14,16
alive 22 12 7,33 7,31 23,31 23,34
alive 25 18 9,25 7,25 7,19 15,19 15,16 20,16
alive 25 10 43,6 46,6 46,21 40,21
=
30 45
16 5
0
alive 160 44 2,46 2,45 7,45 7,48 6,48 6,46 4,46 4,49 1,49 1,48 3,48 3,47 0,47 0,37 1,37 1,44 9,44 9,49 21,49 21,48 10,48 10,47 43,47 43,48 46,48 46,36 44,36 44,37 45,37 45,47 44,47 44,43 36,43
alive 34 13 30,29 30,28 32,28 32,27 27,27 27,17 17,17 17,18 20,18
alive 25 19 15,20 11,20 11,17 2,17 2,14 0,14 0,11
alive 15 10 17,23 17,27 12,27 12,25 10,25 10,24
=
2 6
23 39
0
alive 130 44 47,46 30,46 30,48 37,48 37,49 44,49 44,48 38,48 38,47 48,47 48,40 49,40 49,39 48,39 48,38 47,38 47,45 28,45 28,49 25,49 25,46 10,46 10,39 3,39
alive 5 15 19,6 23,6
alive 25 20 7,6 10,6 10,8 25,8 25,12
alive 5 10 18,11 18,15
=
38 1
2 0
0
alive 70 44 13,33 13,47 14,47 14,32 13,32 13,28 41,28 41,22
alive 25 15 12,30 12,46 11,46 11,39
alive 20 21 38,30 23,30 23,31 26,31
alive 10 10 34,29 25,29
=
5 8
9 6
0
alive 235 47 46,6 44,6 44,4 47,4 47,23 48,23 48,0 35,0 35,35 49,35 49,45 41,45 41,48 38,48 38,44 37,44 37,40 19,40 19,36 7,36 7,23 0,23 0,2 6,2 6,10
alive 15 15 0,27 0,26 5,26 5,25 0,25 0,24 1,24
alive 5 23 31,20 31,24
alive 30 11 32,21 32,36 20,36 20,35 19,35
=
39 35
5 14
0
alive 150 49 13,5 13,7 11,7 11,15 48,15 48,9 45,9 45,0 16,0 16,4 10,4 10,23 9,23 9,4 5,4
alive 5 15 19,1 23,1
alive 5 24 12,10 16,10
alive 15 11 10,33 10,46 11,46
=
32 29
22 22
0
alive 10 49 37,30 38,30 38,31 36,31 36,26
alive 9 15 10,7 10,3 14,3
alive 10 24 34,21 36,21 36,19 38,19 38,18 36,18
alive 20 11 37,29 39,29 39,35 35,35 35,28
=
8 33
4 13
0
alive 290 58 0,48 19,48 19,49 25,49 25,48 20,48 20,47 4,47 4,46 0,46 0,43 3,43 3,34 5,34 5,46 21,46 21,47 42,47 42,49 45,49 45,48 48,48 48,47 46,47 46,35 47,35 47,46 48,46 48,1 47,1 47,0 15,0 15,4 0,4 0,36 1,36
alive 20 15 32,24 32,41 30,41
alive 10 24 32,19 32,10
alive 10 11 33,19 33,10
=
24 4
36 2
0
alive 70 59 27,33 30,33 30,36 33,36 33,37 27,37 27,48 46,48 46,35 36,35
alive 80 15 36,30 36,29 34,29 34,28 38,28 38,30 40,30 40,31 31,31 31,4 30,4 30,17 29,17 29,2
alive 50 24 36,19 36,26 32,26 32,30 33,30 33,27 41,27 41,32 27,32 27,29
alive 15 11 26,34 26,48
=
45 2
13 18
0
alive 165 59 23,17 23,18 27,18 27,24 28,24 28,17 42,17 42,30 37,30 37,33 23,33 23,34 47,34 47,35 42,35 42,40 44,40 44,39 43,39 43,38 48,38 48,16 21,16 21,17
alive 10 16 22,28 22,35 24,35
alive 25 25 34,35 41,35 41,41 45,41 45,39 49,39 49,38
alive 5 12 22,18 22,22
=
42 46
15 28
0
alive 265 66 28,8 26,8 26,7 28,7 28,5 30,5 30,0 27,0 27,4 25,4 25,6 23,6 23,9 13,9 13,8 22,8 22,5 24,5 24,3 26,3 26,2 23,2 23,4 21,4 21,7 16,7 16,6 20,6 20,3 22,3 22,2 19,2 19,5 14,5 14,4 18,4 18,3 16,3 16,2 18,2 18,1 26,1 26,0 13,0 13,3 12,3 12,6 10,6 10,11 24,11 24,10 28,10 28,9 29,9 29,7 31,7 31,0 49,0 49,46 46,46 46,45 48,45 48,31 45,31
alive 15 18 41,36 41,29 42,29 42,28 45,28 45,29 46,29
alive 15 28 8,21 8,13 9,13 9,12 12,12 12,13
alive 10 12 10,1 11,1 11,0 12,0 12,2 11,2 11,5
=
35 47
4 20
0
alive 275 71 44,14 44,2 43,2 43,17 48,17 48,11 47,11 47,16 44,16 44,15 46,15 46,1 41,1 41,0 47,0 47,3 49,3 49,40 48,40 48,21 42,21 42,2 35,2 35,0 31,0 31,2 34,2 34,8 37,8 37,37 36,37 36,41 18,41 18,46 16,46 16,47 2,47 2,46 10,46
alive 15 18 26,39 26,25
alive 30 29 36,31 36,36 35,36 35,40 19,40 19,37
alive 15 13 35,31 35,35 34,35 34,39 29,39
=
1 41
34 41
0
alive 70 71 0,25 0,5 5,5 5,3 47,3
alive 45 18 33,41 20,41 20,28 32,28 32,22
alive 15 29 0,26 1,26 1,13
alive 30 13 1,40 1,27 17,27
=
40 6
22 19
0
alive 190 74 4,17 4,8 7,8 7,13 6,13 6,9 5,9 5,18 2,18 2,15 0,15 0,1 18,1 18,2 6,2 6,3 2,3 2,5 1,5 1,12 2,12 2,14 3,14 3,11 2,11 2,6 3,6 3,4 7,4 7,3 15,3 15,4 8,4 8,24 9,24 9,20 36,20
alive 5 19 6,20 7,20 7,19 5,19
alive 10 30 23,24 23,22 22,22 22,27 23,27
alive 15 14 12,22 10,22 10,21 21,21
=
47 14
43 24
0
alive 150 74 35,20 35,38 34,38 34,40 27,40 27,43 26,43 26,46 21,46 21,45 25,45 25,41 16,41 16,40 14,40 14,34 5,34 5,30 6,30 6,32 7,32 7,18 26,18 26,1 12,1 12,0
alive 35 19 9,16 2,16 2,24 1,24 1,14 4,14 4,13 8,13
alive 125 30 22,24 20,24 20,20 19,20 19,28 20,28 20,26 24,26 24,28 26,28 26,32 27,32 27,27 28,27 28,35 25,35 25,36 34,36 34,37 15,37 15,19 39,19 39,23
alive 5 15 7,12 3,12
=
45 23
24 47
0
alive 200 76 0,0 15,0 15,3 16,3 16,4 17,4 17,6 14,6 14,33 22,33 22,41 24,41 24,43 27,43 27,42 28,42 28,40 29,40 29,39 34,39 34,36 46,36 46,7 40,7 40,6 39,6 39,27 40,27 40,26 45,26 45,35 28,35 28,39 27,39 27,40
alive 12 20 11,29 11,27 12,27 12,35
alive 20 32 24,1 16,1 16,2 24,2 24,4
alive 5 15 18,32 15,32 15,31
=
38 21
16 24
0
alive 195 79 45,10 23,10 23,14 25,14 25,13 24,13 24,12 45,12 45,17 46,17 46,8 9,8 9,9 22,9 22,22 23,22 23,16 44,16 44,23 47,23 47,22 48,22 48,7 40,7
alive 25 20 16,12 16,11 20,11 20,10 21,10 21,26 20,26
alive 75 34 33,23 33,26 22,26 22,23 24,23 24,17 26,17 26,18 34,18 34,42 35,42 35,41 42,41 42,38 44,38
alive 10 15 17,41 17,45 18,45 18,42 19,42
=
28 34
13 31
0
alive 113 79 22,3 12,3 12,4 37,4 37,16 38,16 38,4 48,4 48,3 23,3 23,2 9,2
alive 20 20 27,19 27,5 30,5 30,7
alive 25 36 11,8 11,5 26,5 26,11
alive 10 15 32,8 32,5 31,5 31,10
=
41 1
13 33
0
alive 305 86 49,40 47,40 47,2 46,2 46,46 45,46 45,48 24,48 24,47 28,47 28,37 33,37 33,32 32,32 32,36 27,36 27,46 6,46 6,45 10,45 10,44 0,44 0,33 4,33 4,16 1,16 1,10 0,10 0,6 10,6 10,5 0,5 0,0 29,0 29,12
alive 5 20 19,33 23,33
alive 15 36 16,31 25,31 25,36
alive 70 16 35,31 35,32 34,32 34,33 35,33 35,37 36,37 36,14 39,14 39,11 36,11 36,12 38,12 38,13 30,13 30,1 34,1
=
5 18
31 15
0
alive 195 88 7,29 29,29 29,33 30,33 30,20 37,20 37,23 39,23 39,27 47,27 47,32 49,32 49,41 48,41 48,35 4,35 4,27 1,27 1,26 5,26 5,31 6,31 6,24 10,24 10,7 23,7
alive 35 20 12,18 14,18 14,23 15,23 15,19 30,19 30,13 31,13
alive 18 36 42,16 42,22 38,22 38,19 34,19
alive 15 17 11,18 11,10 17,10
=
19 39
27 34
0
alive 187 92 44,24 44,25 45,25 45,23 40,23 40,14 41,14 41,22 43,22 43,17 46,17 46,14 47,14 47,16 48,16 48,0 36,0 36,34 39,34 39,30 49,30 49,34 48,34 48,33 47,33 47,37 35,37 35,39 20,39 20,38 34,38 34,36 28,36
alive 45 23 32,10 34,10 34,0 35,0 35,31
alive 5 36 21,33 21,31 23,31
alive 45 18 48,37 48,35 49,35 49,38 36,38 36,47 20,47
=
24 36
0 28
0
alive 165 95 49,43 18,43 18,41 15,41 15,40 13,40 13,37 2,37 2,17 0,17 0,6 13,6 13,11 19,11 19,15 27,15 27,18 23,18 23,20 19,20 19,42 26,42
alive 15 23 22,16 26,16 26,17 22,17 22,19 19,19
alive 10 37 27,5 36,5
alive 5 18 19,10 15,10
=
5 35
8 21
0
alive 135 96 5,12 0,12 0,11 4,11 4,5 11,5 11,2 10,2 10,4 3,4 3,10 0,10 0,9 2,9 2,3 9,3 9,2 1,2 1,8 0,8 0,0 15,0 15,5 16,5 16,6 6,6 6,14 0,14 0,17
alive 25 25 42,16 47,16 47,15 29,15
alive 15 37 43,20 29,20
alive 25 18 43,17 49,17 49,21 35,21
=
8 5
42 9
0
alive 165 99 40,32 41,32 41,34 39,34 39,31 48,31 48,29 37,29 37,28 33,28 33,27 23,27 23,26 14,26 14,27 0,27 0,21 16,21 16,24 34,24 34,27 38,27 38,28 39,28 39,26 35,26 35,23 20,23 20,20 13,20 13,13
alive 10 25 42,4 42,2 49,2
alive 5 38 14,3 18,3
alive 30 18 43,32 42,32 42,35 25,35 25,34 27,34 27,29
=
18 37
19 25
0
alive 200 101 31,46 46,46 46,48 0,48 0,46 24,46 24,45 26,45 26,46 25,46 25,47 30,47 30,46 29,46 29,45 47,45 47,48 49,48 49,47 48,47 48,43 25,43 25,42 40,42 40,26 39,26 39,37
alive 10 25 27,7 36,7
alive 15 38 16,37 6,37 6,33
alive 25 19 27,4 32,4 32,2 43,2 43,8
=
26 47
15 47
0
alive 72 101 7,25 7,22 8,22 8,26 0,26 0,25 6,25 6,18 10,18 10,9 28,9 28,5 34,5
alive 23 25 13,47 10,47 10,45 19,45 19,41 23,41
alive 19 39 29,47 32,47 32,48 25,48 25,45 29,45
alive 10 19 11,44 10,44 10,36
=
26 31
21 7
0
alive 215 104 0,49 0,0 6,0 6,2 7,2 7,23 8,23 8,1 7,1 7,0 20,0 20,2 41,2 41,3 19,3 19,35 5,35 5,39 4,39
alive 15 25 38,22 49,22 49,25
alive 5 41 17,1 19,1 19,2 18,2
alive 10 19 16,34 7,34
=
15 37
33 23
0
alive 35 104 28,6 28,8 29,8 29,6 36,6 36,5 27,5 27,9 26,9 26,4 24,4
alive 25 25 33,26 33,42 27,42 27,44
alive 48 41 28,11 26,11 26,10 33,10 33,12 26,12 26,16 25,16 25,32 22,32 22,33 21,33 21,34 22,34
alive 15 19 32,8 30,8 30,9 34,9 34,10 36,10 36,13 35,13
=
31 34
48 44
0
alive 120 105 2,26 2,36 1,36 1,39 0,39 0,25 6,25 6,12 19,12 19,6 6,6 6,4 19,4 19,1 5,1 5,0 11,0
alive 20 26 28,38 14,38 14,39 18,39
alive 100 42 33,38 33,42 34,42 34,41 35,41 35,44 36,44 36,41 37,41 37,44 38,44 38,40 34,40 34,33 32,33 32,47 40,47 40,30 39,30 39,27 38,27 38,30 34,30 34,31 39,31 39,37
alive 10 19 31,29 31,24 33,24 33,26
=
18 12
49 1
0
alive 95 105 4,8 7,8 7,7 8,7 8,6 6,6 6,7 4,7 4,6 5,6 5,4 6,4 6,3 26,3 26,2 4,2 4,5 3,5 3,9 14,9 14,13 15,13 15,5 17,5
alive 30 26 14,7 14,4 28,4 28,3 27,3 27,2 29,2 29,1 23,1
alive 85 42 17,13 17,15 1,15 1,14 16,14 16,8 22,8 22,7 16,7 16,6 27,6 27,9 34,9 34,12 29,12 29,13
alive 25 19 18,13 18,19 6,19 6,25
=
37 34
38 25
0
alive 150 107 2,45 2,48 0,48 0,44 3,44 3,48 10,48 10,49 11,49 11,47 13,47 13,41 17,41 17,29 13,29 13,4 14,4 14,1 22,1 22,0 12,0 12,3 10,3 10,16 1,16 1,30 2,30 2,34
alive 55 27 7,10 7,14 8,14 8,0 9,0 9,1 10,1 10,0 11,0 11,2 9,2 9,15 6,15 6,5
alive 35 43 38,24 38,17 43,17 43,16 22,16
alive 15 19 36,49 22,49
=
12 21
15 26
0
alive 175 109 47,49 47,37 45,37 45,48 40,48 40,45 0,45 0,40 15,40 15,34 21,34 21,21 23,21 23,8 47,8 47,20 48,20 48,22 49,22 49,21
alive 5 27 22,35 22,31
alive 40 44 24,26 36,26 36,44 27,44
alive 5 19 10,21 6,21
=
20 9
1 2
0
alive 155 109 36,7 36,1 33,1 33,2 35,2 35,8 38,8 38,1 47,1 47,10 48,10 48,0 25,0 25,2 31,2 31,3 34,3 34,19 40,19 40,31 33,31 33,48 29,48
alive 20 29 18,10 14,10 14,11 18,11 18,21
alive 5 45 36,9 36,13
alive 25 20 13,9 13,12 17,12 17,29
=
11 21
21 33
0
alive 65 109 27,13 27,14 10,14 10,9 8,9 8,8 10,8 10,7 11,7 11,12 40,12
alive 23 29 3,36 1,36 1,37 11,37 11,46
alive 25 45 28,13 28,15 14,15 14,16 16,16 16,21
alive 25 20 9,10 9,15 13,15 13,17 15,17 15,28
=
27 35
8 47
0
alive 80 110 38,7 38,11 39,11 39,13 34,13 34,14 35,14 35,17 40,17 40,10 39,10 39,6 37,6 37,11 6,11 6,5 7,5
alive 45 29 8,41 8,33 13,33 13,39 23,39 23,40 24,40 24,39 32,39 32,38 29,38
alive 55 45 28,32 28,23 32,23 32,19 38,19 38,18 48,18 48,38
alive 25 20 27,33 27,22 31,22 31,13
=
27 1
48 22
0
alive 130 112 29,16 26,16 26,14 25,14 25,15 20,15 20,16 19,16 19,22 24,22 24,21 20,21 20,19 24,19 24,18 22,18 22,17 30,17 30,15 28,15 28,14 30,14 30,12 24,12 24,14 18,14 18,23 32,23 32,10 10,10
alive 25 29 48,25 48,26 34,26 34,35
alive 25 45 48,23 33,23 33,32
alive 5 20 17,40 14,40 14,41
=
34 22
38 2
0
alive 130 113 41,0 41,44 27,44 27,41 26,41 26,38 4,38 4,34 0,34 0,33 4,33 4,29 13,29 13,32 16,32 16,31 14,31 14,24
alive 30 30 29,20 23,20 23,23 25,23 25,22 24,22 24,21 38,21 38,22
alive 20 45 28,24 32,24 32,23 26,23 26,22 33,22
alive 10 20 14,21 14,12
=
41 23
44 44
0
alive 70 113 0,11 0,37 1,37 1,20 2,20 2,10 0,10 0,4 6,4
alive 25 30 16,45 12,45 12,44 10,44 10,39 9,39 9,40 0,40 0,39
alive 5 45 22,44 18,44
alive 40 20 27,28 22,28 22,33 20,33 20,34 23,34 23,29 30,29 30,21 27,21
=
2 31
26 39
0
alive 55 114 20,32 20,42 23,42 23,43 33,43 33,46 34,46 34,43 36,43 36,35 37,35 37,38 38,38 38,31 39,31
alive 30 30 19,34 19,31 21,31 21,41 24,41 24,42 34,42
alive 15 45 2,17 2,16 15,16
alive 23 20 2,25 2,18 17,18
=
4 46
9 48
0
alive 130 117 42,1 42,4 47,4 47,11 46,11 46,5 45,5 45,6 43,6 43,15 41,15 41,1 35,1 35,0 43,0 43,3 48,3 48,19 47,19 47,16 43,16 43,29 36,29 36,40
alive 25 32 9,39 9,19 13,19
alive 5 46 9,16 9,14 11,14
alive 65 20 27,27 38,27 38,20 41,20 41,17 39,17 39,18 40,18 40,19 38,19 38,15 37,15 37,16 23,16 23,17 35,17
=
16 18
8 30
0
alive 115 117 0,4 0,37 1,37 1,3 0,3 0,2 16,2 16,6 21,6 21,11 30,11 30,10 34,10
alive 35 34 27,34 17,34 17,33 16,33 16,45 6,45
alive 45 46 16,46 0,46 0,45 2,45 2,44 0,44 0,43 2,43 2,42 0,42 0,38 1,38 1,41 2,41 2,34
alive 25 21 44,34 46,34 46,44 34,44
=
30 12
38 42
0
alive 50 117 46,41 46,33 47,33 47,6 43,6 43,7 46,7 46,12
alive 15 34 20,12 19,12 19,2 18,2 18,4
alive 35 46 31,12 40,12 40,13 41,13 41,12 45,12 45,20 42,20 42,26 41,26
alive 40 21 48,39 48,36 49,36 49,33 48,33 48,35 47,35 47,42 45,42 45,34 42,34 42,27 41,27
=
48 42
27 30
0
alive 40 117 6,35 6,31 5,31 5,46 4,46 4,28
alive 35 34 5,12 5,5 23,5 23,14
alive 5 46 16,38 20,38
alive 65 22 7,33 7,30 5,30 5,28 8,28 8,36 6,36 6,37 27,37 27,42 28,42 28,33 35,33
=
32 29
16 39
0
alive 120 118 49,37 49,38 48,38 48,37 47,37 47,38 43,38 43,45 34,45 34,49 33,49 33,45 32,45 32,44 7,44 7,43 33,43 33,44 34,44 34,37 46,37 46,32 45,32 45,36
alive 30 35 49,35 48,35 48,36 47,36 47,31 45,31 45,30 44,30 44,31 43,31 43,29 42,29 42,32 44,32 44,35 40,35
alive 10 46 17,49 17,45 16,45 16,48 15,48
alive 30 24 49,34 48,34 48,29 47,29 47,30 46,30 46,29 44,29 44,28 41,28 41,33 43,33 43,34 40,34 40,32
=
4 46
13 18
0
alive 10 118 0,0 9,0
alive 35 35 45,41 42,41 42,37 47,37 47,42 30,42
alive 25 46 31,39 31,38 36,38 36,37 31,37 31,36 29,36 29,27
alive 45 24 36,39 37,39 37,37 41,37 41,41 30,41 30,37 27,37 27,42 26,42 26,33
=
25 9
36 12
0
alive 150 120 47,1 38,1 38,3 27,3 27,18 44,18 44,19 45,19 45,4 47,4 47,2 48,2 48,0 37,0 37,2 0,2 0,23
alive 5 36 14,22 12,22 12,23 13,23
alive 15 49 22,28 19,28 19,39
alive 8 25 11,22 11,23 9,23 9,19
=
43 20
23 5
0
alive 165 121 0,11 3,11 3,6 1,6 1,9 0,9 0,0 25,0 25,7 23,7 23,8 33,8 33,19 27,19 27,16 15,16 15,39 6,39 6,48 3,48 3,37 0,37 0,31
alive 9 36 19,37 16,37 16,36 20,36
alive 25 50 20,35 16,35 16,23 24,23
alive 10 26 24,11 24,9 23,9 23,14 24,14
=
27 49
3 16
0
alive 95 122 7,34 9,34 9,37 4,37 4,36 8,36 8,35 4,35 4,31 5,31 5,34 6,34 6,32 10,32 10,38 13,38 13,39 5,39 5,43 4,43 4,46 3,46 3,29 14,29 14,33
alive 10 36 16,16 25,16
alive 10 51 2,31 2,40
alive 35 26 0,43 1,43 1,42 0,42 0,41 2,41 2,47 5,47 5,44 6,44 6,40 14,40 14,39 16,39
=
38 7
40 9
0
alive 55 122 17,22 17,23 16,23 16,21 25,21 25,18 24,18 24,14 28,14 28,10 36,10 36,9 27,9 27,12 26,12 26,9
alive 10 36 24,23 19,23 19,24 22,24
alive 32 51 47,18 47,19 48,19 48,1 47,1 47,9 45,9
alive 20 26 18,22 18,24 14,24 14,20 23,20
=
8 40
49 42
0
alive 110 122 6,18 6,21 2,21 2,20 5,20 5,17 18,17 18,16 4,16 4,19 2,19 2,15 19,15 19,18 7,18 7,22 0,22 0,14 2,14 2,9
alive 40 37 22,25 31,25 31,47 30,47 30,40
alive 40 52 18,22 23,22 23,13 22,13 22,14 3,14 3,10
alive 20 26 22,29 27,29 27,33 17,33
=
13 45
29 28
0
alive 190 124 8,45 8,48 4,48 4,44 48,44 48,43 0,43 0,35 29,35 29,29 49,29 49,19 37,19
alive 10 38 29,16 29,7
alive 15 54 18,42 10,42 10,37 9,37
alive 5 27 13,40 13,39 12,39 12,41
=
8 5
45 45
0
alive 170 125 7,12 7,26 4,26 4,33 7,33 7,29 32,29 32,30 30,30 30,31 31,31 31,32 32,32 32,33 26,33 26,38 23,38 23,40 16,40 16,41 19,41 19,42 0,42 0,25 6,25 6,11 12,11 12,21 13,21 13,23 14,23 14,22
alive 5 38 33,5 37,5
alive 5 56 38,39 38,35
alive 45 27 9,18 9,12 8,12 8,28 9,28 9,27 10,27 10,28 27,28
=
34 28
9 9
0
alive 75 125 26,0 26,23 23,23 23,29 24,29 24,25 29,25 29,24 42,24 42,23 43,23 43,24 45,24 45,25 43,25 43,35
alive 65 38 34,36 33,36 33,45 32,45 32,48 22,48 22,22 25,22 25,19 22,19 22,20 24,20 24,21 23,21
alive 6 56 33,31 32,31 32,35
alive 90 27 20,31 6,31 6,29 12,29 12,28 11,28 11,1 3,1 3,21 4,21 4,12
=
17 6
2 20
0
alive 115 125 8,34 38,34 38,33 7,33 7,43 8,43 8,35 41,35
alive 20 38 45,20 45,37 44,37 44,38
alive 20 56 43,13 43,23 44,23 44,31
alive 30 29 5,20 16,20 16,24 30,24
=
8 42
3 49
0
alive 215 131 38,16 38,14 36,14 36,13 42,13 42,14 39,14 39,29 45,29 45,28 40,28 40,27 44,27 44,25 40,25 40,24 44,24 44,23 42,23 42,17 46,17 46,25 47,25 47,31 36,31 36,36 35,36 35,20 34,20 34,18 33,18 33,14 34,14 34,17 35,17 35,18 38,18 38,17 36,17 36,16 35,16 35,12 46,12 46,2 44,2 44,1 47,1 47,24 48,24 48,6
alive 30 38 8,36 8,25 17,25 17,34
alive 15 56 3,39 3,25
alive 24 29 46,42 47,42 47,45 28,45
=
19 22
49 19
0
alive 175 133 1,46 4,46 4,48 0,48 0,41 5,41 5,42 2,42 2,45 6,45 6,49 27,49 27,45 37,45 37,15 36,15 36,44 26,44 26,48 7,48 7,39 6,39
alive 15 38 20,33 20,43 19,43 19,44 17,44
alive 30 57 8,22 7,22 7,12 6,12 6,19 3,19 3,17 2,17 2,21
alive 10 29 19,29 19,38
=
22 3
43 4
0
alive 200 139 10,17 10,27 11,27 11,26 12,26 12,25 11,25 11,16 9,16 9,15 14,15 14,14 7,14 7,0 15,0 15,17 18,17 18,18 20,18 20,26 22,26 22,28 19,28 19,35 20,35 20,45 32,45 32,42 36,42 36,41 31,41 31,44 21,44 21,34 20,34 20,33 22,33 22,43 30,43 30,36 27,36 27,35
alive 5 38 42,30 39,30 39,31
alive 5 58 9,18 9,22
alive 40 29 49,26 49,34 42,34 42,43 43,43 43,41 46,41 46,39 49,39 49,43
=
15 17
47 40
0
alive 35 139 0,32 0,22 2,22 2,23 1,23 1,33 0,33 0,42
alive 35 38 17,0 15,0 15,1 25,1 25,2 27,2 27,20
alive 35 58 15,11 15,4 21,4 21,25
alive 75 29 14,8 14,3 15,3 15,2 24,2 24,26 25,26 25,29 24,29 24,27 23,27 23,34 19,34 19,49
=
33 29
17 5
0
alive 40 139 49,15 24,15 24,29
alive 10 38 4,32 4,41
alive 50 58 29,32 29,40 23,40 23,45 18,45 18,46 24,46 24,41 30,41 30,34
alive 25 29 6,29 2,29 2,30 5,30 5,46
=
12 39
48 28
0
alive 65 139 10,49 4,49 4,48 3,48 3,49 2,49 2,5 5,5 5,1 7,1 7,0
alive 30 38 12,49 12,48 6,48 6,47 3,47 3,29
alive 47 58 23,45 23,47 18,47 18,13 19,13 19,17
alive 10 29 17,45 17,47 10,47
=
1 24
29 4
0
alive 220 143 39,48 49,48 49,41 48,41 48,47 38,47 38,49 8,49 8,48 37,48 37,47 28,47 28,46 45,46 45,45 39,45 39,35 0,35 0,34 38,34
alive 5 40 40,13 40,17
alive 15 58 17,25 17,32 18,32 18,26
alive 5 30 1,23 1,19
=
38 27
12 7
0
alive 60 143 8,17 8,15 6,15 6,13 7,13 7,14 8,14 8,11 5,11 5,16 7,16 7,18 10,18 10,10 0,10 0,2 6,2
alive 60 40 2,14 0,14 0,13 3,13 3,12 0,12 0,11 4,11 4,17 6,17 6,18 4,18 4,19 11,19 11,17 17,17 17,4 21,4
alive 55 58 11,26 11,33 4,33 4,20 12,20 12,37 11,37 11,38
alive 55 30 22,7 25,7 25,40 26,40 26,23
=
30 3
49 2
0
alive 140 144 44,47 44,36 42,36 42,48 44,48 44,49 45,49 45,32 41,32 41,18 34,18 34,15 28,15 28,11 26,11 26,10 29,10 29,14 34,14 34,13 30,13 30,10 49,10 49,14 40,14
alive 10 41 40,21 40,30
alive 10 60 29,3 23,3 23,2 21,2
alive 50 31 39,27 39,34 40,34 40,49 33,49 33,30
=
43 48
43 10
0
alive 75 144 33,22 35,22 35,23 39,23 39,22 36,22 36,21 38,21 38,20 35,20 35,19 40,19 40,17 42,17 42,22 41,22 41,23 42,23 42,24 32,24 32,21 34,21 34,20 18,20 18,19 19,19 19,16
alive 15 41 37,13 37,17 38,17 38,16 39,16 39,18 34,18
alive 25 62 42,25 43,25 43,20 45,20 45,15 41,15 41,14 38,14 38,15 40,15
alive 9 31 41,33 41,29 37,29
=
11 31
29 20
0
alive 200 144 35,30 31,30 31,27 40,27 40,46 41,46 41,38 44,38 44,37 42,37 42,21 38,21 38,9 20,9 20,38 19,38 19,26 7,26 7,27 10,27 10,48 25,48 25,49 29,49
alive 45 42 45,49 45,41 44,41 44,49 42,49 42,48 43,48 43,40 46,40 46,35 44,35 44,30
alive 45 62 1,36 9,36 9,35 0,35 0,34 9,34 9,33 0,33 0,27
alive 30 32 33,29 39,29 39,47 42,47 42,45
=
0 46
8 49
0
alive 130 147 47,49 47,46 46,46 46,45 48,45 48,34 30,34 30,36 28,36 28,49 19,49 19,48 27,48 27,33 29,33 29,32 49,32 49,31 30,31
alive 15 42 11,18 25,18
alive 40 62 32,29 49,29 49,30 28,30
alive 5 33 8,31 8,27
=
33 25
16 49
0
alive 140 148 49,17 47,17 47,20 42,20 42,6 39,6 39,5 33,5 33,6 38,6 38,42 32,42 32,39 0,39 0,25 6,25 6,23
alive 40 43 15,19 15,18 14,18 14,25 13,25 13,12 18,12 18,21 20,21
alive 7 63 14,11 14,9 10,9
alive 5 33 33,33 33,34 30,34
=
39 24
31 3
0
alive 105 148 42,49 11,49 11,48 0,48 0,4 17,4
alive 61 43 48,38 48,46 14,46 14,38 22,38 22,36
alive 20 64 48,48 48,47 30,47
alive 20 33 43,49 43,48 25,48
=
38 7
48 3
0
alive 115 148 23,24 44,24 44,23 22,23 22,25 47,25 47,23 46,23 46,24 45,24 45,22 23,22 23,21 33,21 33,18
alive 25 43 18,7 10,7 10,21 12,21
alive 35 64 6,7 0,7 0,5 20,5 20,11
alive 40 35 9,6 9,9 4,9 4,33 5,33 5,30 8,30
=
35 12
46 49
0
alive 50 148 34,23 19,23 19,24 18,24 18,21 5,21 5,16 3,16 3,15 2,15 2,14 1,14 1,13 0,13 0,10
alive 5 43 35,21 35,22 32,22
alive 10 64 28,33 19,33
alive 5 35 35,24 35,26 33,26
=
11 34
17 28
0
alive 130 148 34,6 44,6 44,5 33,5 33,14 15,14 15,18 14,18 14,17 12,17 12,16 13,16 13,9 20,9 20,13 32,13 32,12 26,12 26,5 29,5 29,2 23,2 23,1 29,1 29,0 23,0
alive 22 43 3,8 3,6 18,6 18,8 16,8
alive 30 65 35,7 44,7 44,27
alive 5 35 17,3 21,3
=
9 36
32 33
0
alive 30 148 0,34 0,40 1,40 1,44 7,44 7,32
alive 30 43 1,33 1,22 7,22 7,16 13,16
alive 15 65 4,41 2,41 2,40 5,40 5,39 1,39 1,38 3,38
alive 21 35 5,34 5,30 12,30 12,24 15,24
=
35 34
46 41
0
alive 190 150 17,48 9,48 9,49 3,49 3,48 8,48 8,47 0,47 0,41 1,41 1,46 18,46 18,49 32,49 32,48 19,48 19,27 0,27 0,25 6,25 6,2 11,2 11,1 6,1 6,0 20,0 20,2
alive 50 46 19,22 19,8 7,8 7,7 21,7 21,6 14,6
alive 10 66 22,15 22,6
alive 40 35 35,11 35,1 41,1 41,14 42,14 42,5
=
34 10
28 32
0
alive 130 151 1,32 5,32 5,31 0,31 0,33 4,33 4,34 19,34 19,37 18,37 18,40 12,40 12,39 17,39 17,37 16,37 16,36 18,36 18,35 0,35 0,43 21,43 21,33 20,33 20,30 10,30
alive 20 47 20,49 1,49
alive 37 66 21,14 6,14 6,3 16,3
alive 10 35 19,33 19,32 11,32
=
21 46
28 7
0
alive 140 152 48,27 48,1 49,1 49,0 16,0 16,4 15,4 15,20 22,20 22,28 49,28 49,35 48,35 48,33 43,33
alive 25 47 21,44 21,42 38,42 38,43 34,43
alive 20 66 28,17 21,17 21,18 28,18 28,19 30,19 30,18
alive 30 35 29,7 38,7 38,17 30,17 30,16 29,16
=
6 45
22 7
0
alive 120 155 30,40 22,40 22,39 20,39 20,38 26,38 26,39 30,39 30,32 20,32 20,33 29,33 29,38 27,38 27,37 28,37 28,34 25,34 25,36 19,36 19,41 31,41 31,31 16,31 16,32 18,32 18,33
alive 30 47 7,15 6,15 6,14 28,14 28,19
alive 6 67 29,47 29,48 25,48
alive 20 36 48,46 48,47 49,47 49,49 48,49 48,48 47,48 47,49 46,49 46,48 45,48 45,49 44,49 44,48 39,48
=
19 2
23 9
0
alive 80 155 0,49 0,34 2,34 2,48 4,48 4,49 5,49 5,28 1,28 1,24 0,24 0,10
alive 30 47 32,17 47,17 47,31
alive 34 67 8,21 5,21 5,22 7,22 7,49
alive 32 36 29,14 29,16 48,16 48,26
=
23 48
10 31
0
alive 130 155 49,21 49,6 46,6 46,7 48,7 48,22 49,22 49,31 41,31 41,38 37,38 37,45 21,45 21,46 16,46 16,35 17,35 17,45 20,45 20,44 29,44
alive 55 47 28,42 35,42 35,43 24,43 24,40 28,40 28,37 24,37 24,32 34,32 34,31 32,31 32,28
alive 40 67 12,21 9,21 9,5 22,5 22,12
alive 85 36 33,21 26,21 26,19 20,19 20,20 19,20 19,19 18,19 18,21 21,21 21,20 23,20 23,21 22,21 22,43 23,43 23,39 27,39 27,38 23,38 23,22 24,22 24,20
=
27 0
7 7
0
alive 155 156 22,49 22,47 23,47 23,44 17,44 17,45 22,45 22,46 20,46 20,48 0,48 0,46 14,46 14,44 11,44 11,43 24,43 24,49 39,49 39,44 38,44 38,48 25,48 25,41 29,41 29,38 11,38
alive 45 47 44,19 44,29 43,29 43,30 31,30 31,33 30,33 30,34 15,34
alive 10 67 43,17 43,26
alive 25 36 43,0 43,11 30,11
=
39 46
3 37
0
alive 165 157 1,1 7,1 7,5 4,5 4,10 3,10 3,8 2,8 2,4 6,4 6,2 1,2 1,18 0,18 0,0 37,0 37,10 49,10 49,25 48,25 48,22 45,22 45,20 44,20 44,28
alive 20 47 11,21 30,21
alive 30 67 18,37 30,37 30,43 31,43 31,33
alive 10 36 36,27 36,22 32,22
=
18 40
5 37
0
alive 85 159 35,22 38,22 38,23 39,23 39,26 36,26 36,25 38,25 38,24 36,24 36,23 34,23 34,21 39,21 39,22 40,22 40,28 35,28 35,27 34,27 34,28 33,28 33,16 36,16 36,19 44,19 44,33
alive 5 47 26,28 28,28 28,27 27,27
alive 20 68 32,31 40,31 40,29 39,29 39,30 38,30 38,29 37,29 37,30 36,30 36,29 35,29
alive 9 36 32,8 35,8 35,7 31,7
=
34 20
13 15
0
alive 185 162 41,36 24,36 24,37 21,37 21,39 15,39 15,48 16,48 16,40 42,40 42,29 35,29 35,19 39,19 39,14 47,14 47,8 46,8 46,13 34,13 34,16 31,16 31,27 30,27 30,33 24,33 24,35 23,35 23,36 21,36 21,35 18,35 18,33
alive 20 47 33,8 33,11 32,11 32,15 33,15 33,12 34,12 34,8 35,8 35,7
alive 5 68 36,20 37,20 37,23
alive 10 37 29,19 29,17 28,17 28,21 30,21
=
32 37
35 18
0
alive 210 164 38,46 0,46 0,48 22,48 22,49 23,49 23,47 43,47 43,44 48,44 48,42 49,42 49,23 47,23 47,22 36,22 36,23 46,23 46,30 42,30 42,46 39,46 39,45 2,45
alive 5 47 31,37 27,37
alive 20 70 33,19 18,19 18,23
alive 10 37 30,18 21,18
=
18 21
11 42
0
alive 145 165 30,28 30,26 29,26 29,28 27,28 27,29 23,29 23,28 26,28 26,27 23,27 23,26 28,26 28,25 30,25 30,24 17,24 17,27 9,27 9,30 29,30 29,29 31,29 31,25 32,25 32,22 16,22 16,26 8,26 8,35 2,35 2,36 0,36 0,26
alive 50 48 38,21 46,21 46,32 16,32
alive 10 70 26,13 35,13
alive 40 38 18,19 18,7 31,7 31,6 28,6 28,0 24,0
=
47 19
49 19
0
alive 150 168 49,18 25,18 25,13 48,13 48,2 24,2 24,6 18,6 18,9 17,9 17,10 16,10 16,44 15,44 15,33
alive 15 49 33,42 24,42 24,41 20,41
alive 35 70 11,13 11,19 15,19 15,18 12,18 12,5 11,5 11,11
alive 15 38 13,26 4,26 4,21
=
10 35
16 32
0
alive 175 169 33,49 3,49 3,20 5,20 5,21 4,21 4,48 34,48 34,49 38,49 38,20 36,20 36,15 23,15
alive 11 50 39,29 44,29 44,28 40,28
alive 10 70 10,34 10,28 7,28
alive 5 42 31,30 35,30
=
20 42
3 28
0
alive 124 170 31,21 42,21 42,22 26,22 26,21 30,21 30,13 29,13 29,20 19,20 19,21 23,21 23,23 19,23 19,36 17,36 17,37 15,37 15,40 14,40 14,17 6,17
alive 10 51 31,25 35,25 35,26 31,26
alive 15 70 31,19 43,19 43,17
alive 30 42 27,8 31,8 31,0 42,0 42,6
=
45 32
17 24
0
alive 160 172 2,29 2,8 4,8 4,30 0,30 0,7 7,7 7,1 28,1 28,6 27,6 27,2 9,2 9,16 8,16 8,14 6,14 6,20
alive 20 51 38,27 38,15 41,15 41,14 38,14
alive 5 70 22,32 22,36
alive 30 43 17,36 17,38 7,38 7,21
=
6 42
23 23
0
alive 190 175 32,10 46,10 46,25 49,25 49,18 48,18 48,24 47,24 47,7 30,7 30,10 31,10 31,11 30,11 30,29 49,29 49,36 48,36 48,30 32,30 32,35 31,35 31,36 28,36 28,37 27,37 27,36 24,36 24,35 30,35 30,34 31,34 31,33 22,33
alive 30 51 23,9 23,5 8,5 8,6 10,6 10,11 11,11 11,10
alive 15 71 38,31 45,31 45,38
alive 9 43 31,2 39,2
=
3 33
32 43
0
alive 120 176 5,12 8,12 8,11 6,11 6,10 10,10 10,14 11,14 11,9 4,9 4,13 6,13 6,29 11,29 11,28 7,28 7,27 10,27 10,24 11,24 11,26 12,26 12,28 13,28 13,25 12,25 12,16 7,16 7,15 14,15 14,25 23,25
alive 10 52 18,24 15,24 15,18
alive 10 71 44,21 44,20 36,20
alive 16 43 46,20 45,20 45,32 43,32
=
11 26
47 44
0
alive 65 176 0,26 0,41 5,41 5,28 6,28 6,27 32,27 32,30
alive 10 52 42,34 42,30 41,30 41,34
alive 5 71 0,25 0,24 1,24 1,26
alive 20 43 0,22 0,23 1,23 1,20 2,20 2,33
=
0 12
31 17
0
alive 20 176 0,11 0,0 8,0
alive 30 52 34,1 38,1 38,25 39,25
alive 15 71 1,12 4,12 4,23
alive 47 44 33,0 39,0 39,24 48,24 48,28 45,28
=
6 32
49 25
0
alive 148 177 6,23 6,20 4,20 4,24 3,24 3,8 6,8 6,3 48,3 48,5 47,5 47,4 12,4 12,22 7,22 7,24 6,24 6,30
alive 5 52 6,37 6,39 4,39
alive 50 71 5,25 5,33 6,33 6,36 7,36 7,25 8,25 8,23 13,23 13,17 15,17 15,18 23,18
alive 5 44 43,16 43,12
=
25 8
8 37
0
alive 90 179 0,3 18,3 18,2 27,2 27,0 43,0 43,7 44,7 44,39 41,39
alive 5 52 25,4 29,4
alive 15 71 22,12 16,12 16,11 17,11 17,5
alive 10 46 10,25 16,25 16,27 15,27
=
21 44
46 18
0
alive 210 182 3,48 0,48 0,29 4,29 4,30 1,30 1,46 4,46 4,48 28,48 28,49 29,49 29,44 28,44 28,42 14,42 14,34 4,34 4,33 3,33 3,32 4,32 4,31 7,31 7,30 6,30 6,29 9,29 9,22 0,22 0,0 36,0 36,3 35,3
alive 10 52 21,41 21,36 20,36 20,39
alive 25 72 35,29 33,29 33,28 21,28 21,29 29,29
alive 7 46 16,18 16,17 15,17 15,21
=
16 41
19 47
0
alive 90 182 49,49 49,11 48,11 48,49 47,49 47,48 46,48 46,47 45,47 45,45 40,45
alive 15 52 27,28 30,28 30,17
alive 20 72 30,14 30,5 40,5
alive 100 47 12,31 12,4 29,4 29,27 19,27 19,28 25,28 25,43
=
3 42
12 49
0
alive 165 183 47,42 31,42 31,46 33,46 33,45 32,45 32,44 48,44 48,0 43,0 43,12 46,12 46,26 39,26 39,40 37,40 37,38 36,38 36,37 32,37 32,38 35,38 35,40 28,40 28,41
alive 15 53 12,24 12,10
alive 30 72 13,11 18,11 18,4 19,4 19,0 11,0 11,4
alive 5 48 12,31 12,27
=
8 7
1 40
0
alive 225 185 45,41 45,48 47,48 47,40 24,40 24,39 31,39 31,37 30,37 30,38 29,38 29,35 15,35 15,43 14,43 14,3 12,3 12,2 2,2 2,1 1,1 1,32 3,32 3,48 11,48 11,49 12,49 12,47 26,47 26,46 24,46 24,45 33,45 33,44 32,44
alive 5 54 37,8 37,12
alive 15 73 44,46 44,49 48,49 48,42
alive 10 49 4,41 4,32
=
11 24
4 4
0
alive 115 185 4,48 2,48 2,47 1,47 1,46 0,46 0,49 15,49 15,48 5,48 5,47 10,47 10,46 2,46 2,45 3,45 3,44 0,44 0,27 9,27 9,28 22,28 22,44 24,44
alive 15 54 19,12 33,12
alive 5 73 11,4 15,4
alive 80 52 37,26 37,15 45,15 45,13 49,13 49,35 38,35 38,30 36,30 36,16
=
11 22
44 9
0
alive 280 189 46,38 26,38 26,35 24,35 24,32 9,32 9,23 8,23 8,33 9,33 9,40 21,40 21,41 10,41 10,49 11,49 11,42 47,42 47,9 49,9 49,8 41,8 41,16 36,16 36,23 29,23 29,22 35,22 35,21 28,21 28,37 27,37 27,34 25,34 25,31 10,31 10,25
alive 5 58 44,18 40,18
alive 10 73 39,9 35,9 35,10 39,10
alive 5 53 26,9 24,9 24,7
=
31 45
2 35
0
alive 205 192 48,9 48,11 44,11 44,9 40,9 40,7 41,7 41,8 45,8 45,10 47,10 47,9 46,9 46,8 48,8 48,7 46,7 46,6 48,6 48,2 47,2 47,5 37,5 37,20 45,20 45,19 38,19 38,10 39,10 39,18 46,18 46,17 40,17 40,16 44,16 44,15 40,15 40,14 42,14 42,12 48,12 48,19 49,19 49,0 37,0 37,1 46,1 46,4 34,4 34,5 35,5 35,6
alive 60 61 18,17 18,14 21,14 21,13 18,13 18,5 17,5 17,22 28,22 28,21 18,21 18,20
alive 30 74 37,39 48,39 48,38 35,38 35,34
alive 35 53 15,17 16,17 16,0 15,0 15,15
=
28 5
45 42
0
alive 130 196 28,10 30,10 30,15 23,15 23,22 22,22 22,14 29,14 29,11 27,11 27,10 22,10 22,9 15,9 15,8 23,8 23,9 24,9 24,8 27,8 27,9 32,9 32,13 31,13 31,16 26,16 26,17 24,17 24,24 25,24 25,25 17,25 17,24 18,24 18,23 21,23 21,13 24,13
alive 30 62 26,42 25,42 25,37 17,37 17,34 16,34 16,38 14,38 14,39 18,39
alive 15 74 8,46 0,46 0,40
alive 40 53 26,36 18,36 18,33 16,33 16,26 26,26 26,23 25,23 25,18
=
7 17
38 5
0
alive 175 198 7,37 7,49 2,49 2,48 6,48 6,47 0,47 0,36 10,36 10,37 14,37 14,40 16,40 16,49 25,49 25,38 24,38 24,48 17,48 17,39 15,39 15,36 11,36 11,34 5,34 5,31 0,31 0,29 1,29 1,30 2,30 2,23 6,23 6,33 12,33 12,34
alive 5 63 25,16 29,16
alive 30 75 30,6 32,6 32,5 31,5 31,4 33,4 33,15 22,15
alive 10 53 13,17 22,17
=
46 10
27 47
0
alive 145 200 36,33 36,31 28,31 28,30 37,30 37,38 32,38 32,37 36,37 36,36 34,36 34,35 36,35 36,34 34,34 34,32 28,32 28,33 25,33 25,37 24,37 24,38 23,38 23,42 13,42 13,41 22,41 22,36 24,36 24,32 27,32 27,28 38,28 38,43 28,43
alive 15 63 21,34 20,34 20,39 14,39 14,38 13,38
alive 10 75 22,47 14,47 14,46
alive 15 53 23,32 23,35 21,35 21,40 17,40
=
38 9
47 37
0
alive 15 200 5,8 0,8 0,7 8,7
alive 15 63 5,9 6,9 6,8 7,8 7,9 8,9 8,8 16,8
alive 10 75 14,10 9,10 9,9 12,9
alive 15 53 24,37 21,37 21,35 16,35 16,31
=
0 21
43 30
0
alive 85 201 7,2 0,2 0,0 43,0 43,6 49,6 49,19 46,19 46,23
alive 5 64 1,9 1,5
alive 10 75 8,21 17,21
alive 25 53 0,13 0,4 8,4 8,1 12,1
=
28 6
6 34
0
alive 135 202 30,16 31,16 31,17 30,17 30,19 31,19 31,23 30,23 30,25 29,25 29,26 32,26 32,15 25,15 25,5 42,5 42,4 17,4 17,7 21,7 21,24 19,24 19,27 10,27 10,34
alive 65 64 15,4 5,4 5,12 6,12 6,5 16,5 16,8 20,8 20,13 4,13
alive 20 75 12,34 18,34 18,37 19,37 19,33 14,33
alive 35 54 29,19 29,16 28,16 28,26 26,26 26,27 33,27 33,32 38,32
=
3 5
8 9
0
alive 170 204 36,32 37,32 37,44 34,44 34,43 36,43 36,33 16,33 16,32 35,32 35,31 38,31 38,45 33,45 33,37 22,37 22,40 21,40 21,38 15,38 15,36 13,36 13,35 16,35 16,37 17,37 17,34 8,34 8,32 3,32 3,25 5,25 5,20 6,20 6,21
alive 10 64 41,9 45,9 45,14
alive 5 76 8,17 8,21
alive 10 56 33,9 37,9 37,14
=
34 24
28 6
0
alive 118 205 31,0 43,0 43,3 37,3 37,1 30,1 30,0 19,0 19,22 14,22 14,42 13,42 13,22 7,22 7,23
alive 5 64 28,3 28,2 31,2
alive 25 76 39,35 39,49 40,49 40,40
alive 10 56 36,24 37,24 37,30 38,30 38,29
=
4 34
9 30
0
alive 335 216 49,44 42,44 42,46 41,46 41,32 27,32 27,26 24,26 24,25 28,25 28,31 29,31 29,4 25,4 25,6 27,6 27,19 22,19 22,27 21,27 21,44 20,44 20,27 14,27 14,26 13,26 13,48 3,48 3,47 8,47 8,46 2,46 2,45 3,45 3,44 0,44 0,6 1,6 1,0 48,0 48,4 49,4 49,26
alive 5 64 4,38 4,41 3,41
alive 5 76 23,24 23,21 24,21
alive 30 57 12,23 19,23 19,24 21,24 21,11 18,11 18,12 20,12
=
49 2
43 0
0
alive 205 223 0,47 18,47 18,46 36,46 36,37 19,37 19,36 15,36 15,23 14,23 14,14 13,14 13,13 12,13 12,7 16,7 16,5 2,5 2,46 1,46 1,4
alive 5 65 34,39 30,39
alive 20 78 43,34 37,34 37,35 32,35 32,36 38,36
alive 50 57 43,27 43,30 38,30 38,31 44,31 44,49 41,49 41,36
=
10 36
4 34
0
alive 100 223 11,22 33,22 33,25 17,25 17,41 31,41 31,39 36,39 36,38 30,38 30,40 18,40
alive 5 65 10,23 10,21 12,21
alive 10 78 11,23 20,23
alive 50 57 10,19 10,9 25,9 25,16 24,16 24,17 26,17 26,4
=
36 11
7 20
0
alive 180 224 0,49 0,34 2,34 2,48 4,48 4,49 10,49 10,48 44,48 44,47 47,47 47,46 43,46 43,47 25,47 25,44 9,44 9,48 5,48 5,31 4,31 4,27 1,27 1,22 0,22 0,6 2,6
alive 45 67 26,9 26,13 29,13 29,16 27,16 27,17 29,17 29,20 13,20 13,21 10,21 10,22 12,22 12,25
alive 75 78 28,7 27,7 27,12 29,12 29,11 28,11 28,8 30,8 30,24 22,24 22,26 21,26 21,22 20,22 20,26 19,26 19,21 17,21 17,22 18,22 18,27 23,27 23,29 24,29
alive 10 59 38,45 38,46 30,46
=
44 43
17 21
0
alive 80 225 32,24 25,24 25,22 22,22 22,11 21,11 21,29 20,29 20,30 17,30 17,29 10,29 10,27 0,27 0,26 2,26 2,23 0,23 0,19
alive 10 67 24,4 28,4 28,0 29,0
alive 40 79 33,24 37,24 37,25 26,25 26,29 22,29 22,30 21,30 21,43
alive 54 59 34,21 37,21 37,23 26,23 26,22 30,22 30,10 24,10 24,11 29,11 29,19
=
23 45
38 10
0
alive 40 225 0,0 37,0 37,2
alive 10 67 16,19 9,19 9,21
alive 10 79 19,28 19,22 16,22
alive 35 60 47,24 47,30 34,30 34,17 33,17 33,18
=
30 33
33 31
0
alive 105 226 0,7 6,7 6,12 4,12 4,30 0,30 0,36 18,36 18,42 20,42 20,18 9,18 9,16
alive 40 68 33,26 33,18 34,18 34,14 33,14 33,17 12,17 12,16
alive 10 79 4,38 0,38 0,37 4,37
alive 60 60 32,13 32,16 23,16 23,14 22,14 22,0 1,0 1,3 7,3
=
0 27
1 31
0
alive 185 230 0,16 0,0 48,0 48,21 49,21 49,45 48,45 48,48 5,48 5,46 6,46 6,47 28,47 28,46
alive 25 71 18,14 23,14 23,15 14,15 14,6
alive 15 79 1,17 15,17
alive 35 61 9,18 18,18 18,16 24,16 24,9 31,9 31,12
=
5 16
21 34
0
alive 200 236 49,24 43,24 43,28 45,28 45,27 44,27 44,26 49,26 49,46 48,46 48,48 42,48 42,49 40,49 40,46 44,46 44,45 48,45 48,31 35,31 35,30 39,30 39,29 40,29 40,28 41,28 41,27 42,27 42,23 48,23 48,0 39,0 39,14 38,14 38,11 37,11 37,0 13,0 13,1
alive 25 71 24,15 25,15 25,16 31,16 31,20 27,20 27,21 31,21 31,24
alive 34 79 18,15 21,15 21,16 24,16 24,21 19,21 19,30 15,30 15,33
alive 10 62 17,17 20,17 20,16 15,16
=
1
26 12
3 1
0
alive 255 238 0,49 0,45 1,45 1,48 6,48 6,49 7,49 7,44 20,44 20,45 21,45 21,46 11,46 11,49 35,49 35,47 48,47 48,32 47,32 47,46 43,46 43,45 46,45 46,44 34,44 34,48 12,48 12,47 33,47 33,43 46,43 46,42 0,42 0,39
alive 18 73 41,17 41,24 40,24 40,25 42,25 42,31
alive 50 80 27,26 27,22 26,22 26,25 17,25 17,23 22,23 22,13 24,13 24,21 29,21
alive 30 62 39,20 39,25 35,25 35,31 31,31 31,32 35,32 35,37
=
44 4
8 4
0
alive 82 238 1,18 36,18 36,19 0,19 0,17 7,17
alive 40 73 10,13 10,15 47,15
alive 10 81 5,15 3,15 3,11 2,11 2,13
alive 30 62 6,21 4,21 4,20 3,20 3,32 12,32 12,36
=
42 13
35 48
0
alive 80 238 49,0 30,0 30,1 48,1 48,4 49,4 49,15 42,15 42,17 41,17 41,20 40,20 40,25 34,25 34,26
alive 5 73 33,12 37,12
alive 35 82 9,4 9,3 26,3 26,6 21,6 21,7 23,7 23,12
alive 5 62 25,15 29,15
=
16 9
5 0
0
alive 195 240 17,49 27,49 27,48 16,48 16,49 3,49 3,48 2,48 2,34 5,34 5,8 6,8 6,6 7,6 7,3 9,3 9,0 10,0 10,9 6,9 6,35 3,35 3,47 4,47 4,48 15,48 15,45 18,45 18,44 14,44 14,47 7,47 7,46 13,46 13,41
alive 40 74 37,9 40,9 40,16 41,16 41,8 42,8 42,7 49,7 49,2 43,2
alive 25 82 17,27 17,35 11,35 11,36 20,36
alive 25 62 43,9 47,9 47,29
=
22 39
14 7
0
alive 125 241 2,39 2,19 4,19 4,40 0,40 0,34 1,34 1,16 32,16 32,12 47,12 47,11 46,11
alive 15 74 8,18 2,18 2,17 9,17
alive 10 82 7,9 0,9 0,7
alive 35 62 19,36 19,29 36,29 36,39
=
48 37
11 49
0
alive 165 241 15,42 18,42 18,40 14,40 14,42 13,42 13,38 20,38 20,43 2,43 2,49 3,49 3,48 38,48 38,47 41,47 41,46 37,46 37,47 36,47 36,38 32,38 32,37 36,37 36,34 42,34 42,28 47,28 47,7 48,7 48,3
alive 30 76 15,36 10,36 10,42 11,42 11,37 20,37 20,34
alive 20 82 41,29 41,33 39,33 39,20
alive 10 62 46,18 46,27
=
7 18
3 26
0
alive 160 242 0,49 0,38 15,38 15,41 20,41 20,49 21,49 21,43 24,43 24,36 19,36 19,35 17,35 17,27 0,27 0,23 4,23 4,22 39,22 39,37 40,37 40,41 43,41
alive 25 76 16,12 19,12 19,1 27,1 27,3
alive 60 82 30,45 30,44 34,44 34,48 29,48 29,44 28,44 28,48 27,48 27,43 35,43 35,49 26,49 26,42
alive 18 62 32,15 34,15 34,14 33,14 33,3 31,3
=
12 23
22 43
0
alive 115 242 29,19 29,20 2,20 2,21 24,21 24,24 1,24 1,25 0,25 0,19 25,19 25,18 26,18 26,19 27,19
alive 5 76 15,16 19,16
alive 25 82 39,43 40,43 40,48 41,48 41,31
alive 20 62 30,19 30,18 27,18 27,17 25,17 25,16 22,16 22,17 24,17 24,18 20,18
=
23 1
6 28
0
alive 90 242 0,49 0,42 2,42 2,48 5,48 5,49 6,49 6,36 4,36 4,35 10,35 10,34 2,34 2,11 0,11 0,10 6,10 6,9 7,9 7,13
alive 22 76 14,36 14,44 8,44 8,49 7,49 7,48
alive 45 84 14,19 28,19 28,12 29,12 29,8 46,8 46,9
alive 10 64 15,22 24,22
=
23 16
29 48
0
alive 155 245 33,8 30,8 30,7 34,7 34,8 35,8 35,9 19,9 19,13 0,13 0,21 1,21 1,48 2,48 2,22 7,22 7,21 8,21 8,19 10,19 10,18 16,18 16,17 7,17 7,18 6,18 6,20 1,20 1,19 4,19
alive 15 78 25,18 26,18 26,12 33,12
alive 30 84 27,8 29,8 29,5 41,5 41,10 34,10
alive 31 66 47,41 48,41 48,42 43,42 43,41 30,41 30,32
=
24 3
38 6
0
alive 205 248 24,27 24,29 15,29 15,30 27,30 27,34 15,34 15,35 16,35 16,36 17,36 17,37 2,37 2,6 18,6 18,7 47,7 47,8 48,8 48,12 49,12 49,25 37,25 37,26 36,26 36,23 37,23 37,22 25,22 25,24 16,24 16,25 15,25 15,22
alive 35 78 12,7 17,7 17,8 28,8 28,13 40,13
alive 15 85 23,26 17,26 17,25 24,25
alive 10 66 26,24 26,23 28,23 28,29
=
8 0
1 10
0
alive 95 249 27,14 27,15 28,15 28,13 27,13 27,4 32,4 32,5 40,5 40,6 42,6 42,35 48,35 48,14 49,14 49,8
alive 40 78 8,17 8,37 2,37 2,36 1,36 1,46 0,46
alive 25 85 26,15 26,17 27,17 27,20 23,20 23,21 24,21 24,24 20,24 20,25 24,25
alive 5 66 30,24 30,28
=
49 18
25 1
0
alive 44 249 4,16 1,16 1,15 17,15 17,23 18,23 18,14 17,14 17,12 15,12
alive 20 78 25,12 25,31
alive 25 85 5,16 16,16 16,24 18,24 18,27
alive 10 66 7,17 3,17 3,22
=
49 18
3 3
0
alive 10 249 25,3 23,3 23,2 25,2 25,0 26,0 26,1
alive 20 78 26,4 26,9 25,9 25,22
alive 10 85 11,36 11,41 8,41 8,42
alive 10 66 5,18 10,18 10,17 7,17
=
38 39
7 46
0
alive 230 253 48,2 36,2 36,0 49,0 49,42 48,42 48,32 9,32 9,33 8,33 8,43 3,43 3,42 0,42 0,25 6,25 6,14 24,14 24,13 7,13 7,1 4,1 4,0 7,0
alive 5 78 5,38 5,34
alive 5 85 7,26 7,22
alive 40 66 20,11 8,11 8,12 27,12 27,11 21,11
=
33 48
1 45
0
alive 64 253 2,30 5,30 5,29 1,29 1,36 0,36 0,24 2,24 2,14 12,14 12,12 10,12 10,8 8,8 8,5
alive 25 79 33,15 33,4 46,4
alive 5 85 7,40 8,40 8,43
alive 5 66 9,6 9,5 12,5
=
26 26
27 37
0
alive 175 259 2,35 2,30 1,30 1,37 2,37 2,36 4,36 4,38 13,38 13,30 12,30 12,37 6,37 6,36 11,36 11,35 4,35 4,34 7,34 7,33 3,33 3,32 4,32 4,29 1,29 1,28 16,28 16,38 20,38 20,39 0,39 0,25 6,25 6,7 10,7
alive 10 79 26,20 26,19 34,19
alive 20 85 37,36 32,36 32,37 35,37 35,39 31,39 31,35
alive 35 67 34,41 37,41 37,37 36,37 36,40 30,40 30,31 29,31 29,38
=
11 20
47 6
0
alive 253 264 14,13 25,13 25,24 11,24 11,26 1,26 1,20 7,20 7,14 11,14 11,15 18,15 18,20 23,20 23,21 2,21 2,25 6,25 6,23 24,23 24,14 12,14 12,13 13,13 13,12 27,12 27,4 21,4 21,5 26,5 26,11 23,11 23,10 4,10 4,11 10,11 10,12 1,12 1,14 0,14 0,7
alive 15 80 47,8 47,22
alive 10 86 26,18 26,13 27,13 27,16
alive 10 68 17,27 17,30 18,30 18,25
=
26 7
26 47
0
alive 270 269 2,31 2,28 4,28 4,32 5,32 5,33 6,33 6,31 5,31 5,30 10,30 10,36 17,36 17,37 19,37 19,38 25,38 25,40 49,40 49,48 42,48 42,47 48,47 48,43 37,43 37,49 36,49 36,41 3,41 3,32 0,32 0,27 3,27 3,26 4,26 4,27 21,27 21,25 23,25 23,30 11,30 11,35 17,35 17,34 18,34 18,36 21,36 21,37 26,37 26,39 48,39 48,34
alive 5 82 25,24 21,24
alive 5 88 26,36 26,34 25,34 25,35
alive 15 68 32,38 27,38 27,37 35,37
=
49 11
42 26
0
alive 35 269 10,49 10,21 4,21
alive 10 82 28,42 19,42
alive 20 88 27,46 11,46 11,43
alive 40 68 37,24 37,22 36,22 36,30 46,30 46,26 45,26 45,29 37,29 37,27
=
13 13
0 18
0
alive 200 273 0,49 0,46 1,46 1,48 18,48 18,49 19,49 19,42 11,42 11,44 3,44 3,40 0,40 0,22 2,22 2,7 3,7 3,3 12,3 12,4 5,4 5,8 3,8 3,23 1,23 1,39 12,39 12,40 13,40 13,41 27,41 27,40 14,40 14,39 13,39 13,38 12,38
alive 35 84 28,34 28,44 27,44 27,42 26,42 26,44 25,44 25,42 24,42 24,44 23,44 23,42 22,42 22,44 21,44 21,42 20,42 20,44
alive 25 88 20,47 20,46 26,46 26,47 25,47 25,49 24,49 24,47 23,47 23,49 22,49 22,47 21,47 21,49 20,49
alive 5 68 5,18 6,18 6,17 4,17
=
2 41
15 28
0
alive 250 280 44,16 42,16 42,15 44,15 44,14 40,14 40,19 42,19 42,18 44,18 44,19 47,19 47,20 48,20 48,17 49,17 49,15 48,15 48,16 46,16 46,18 45,18 45,9 49,9 49,6 45,6 45,2 43,2 43,1 5,1 5,2 42,2 42,7 48,7 48,8 42,8 42,13 41,13 41,3 22,3 22,4 39,4 39,21 49,21 49,30
alive 25 85 24,17 22,17 22,9 21,9 21,22
alive 20 89 38,8 36,8 36,7 31,7 31,8 35,8 35,9 37,9 37,12
alive 10 68 31,17 28,17 28,11
=
12 2
33 35
0
alive 180 282 49,0 49,35 43,35 43,37 41,37 41,36 42,36 42,35 34,35 34,41 6,41 6,40 22,40 22,38 30,38 30,37 31,37 31,34 48,34 48,0 42,0
alive 5 85 32,31 32,33 33,33 33,32
alive 35 91 15,36 30,36 30,35 12,35
alive 15 68 32,28 32,30 33,30 33,29 38,29 38,28 34,28
=
27 12
27 39
0
alive 106 283 49,25 49,32 46,32 46,30 45,30 45,28 39,28 39,27 46,27 46,29 47,29 47,31 48,31 48,17 43,17 43,16 42,16 42,25 4,25 4,23
alive 20 85 49,24 49,16 44,16 44,15 41,15 41,17
alive 10 92 23,24 14,24
alive 15 68 14,39 5,39 5,34
=
39 12
28 49
0
alive 50 283 23,31 9,31 9,30 24,30 24,33 26,33 26,36 37,36
alive 35 85 24,20 9,20 9,17 16,17 16,14 10,14
alive 20 92 32,13 30,13 30,14 19,14 19,15 23,15
alive 25 68 19,13 18,13 18,16 31,16 31,14 36,14
=
31 26
13 49
0
alive 235 294 0,49 0,46 1,46 1,48 27,48 27,49 38,49 38,48 28,48 28,47 47,47 47,46 7,46 7,45 10,45 10,44 4,44 4,43 5,43 5,42 0,42 0,25 6,25 6,4 17,4 17,11 18,11 18,1 13,1 13,0 33,0
alive 15 85 26,27 15,27 15,24
alive 9 93 32,31 32,35 28,35
alive 5 69 24,35 20,35
=
24 43
28 30
0
alive 145 294 6,36 6,34 8,34 8,36 7,36 7,39 3,39 3,38 6,38 6,37 2,37 2,36 4,36 4,33 7,33 7,32 4,32 4,29 6,29 6,26 2,26 2,24 7,24 7,13 6,13 6,23 1,23 1,42 2,42 2,40 18,40 18,37 24,37 24,22
alive 40 85 27,22 27,17 23,17 23,36 20,36 20,33 15,33
alive 50 93 15,35 15,38 16,38 16,34 17,34 17,35 18,35 18,34 19,34 19,36 17,36 17,39 9,39 9,33 8,33 8,19
alive 35 69 45,43 49,43 49,46 41,46 41,27
=
1 17
18 36
0
alive 95 294 30,38 30,26 29,26 29,40 28,40 28,39 27,39 27,38 28,38 28,37 26,37 26,36 28,36 28,35 26,35 26,33 28,33 28,25 25,25 25,24 32,24 32,39 30,39 30,41 24,41 24,36
alive 5 85 1,14 1,13 0,13 0,15
alive 35 94 13,42 13,41 14,41 14,40 13,40 13,39 14,39 14,38 13,38 13,37 14,37 14,36 13,36 13,35 15,35 15,46 12,46 12,41
alive 5 69 12,38 11,38 11,41
=
9 34
3 35
0
alive 205 299 47,23 47,8 44,8 44,4 37,4 37,9 46,9 46,10 39,10 39,13 38,13 38,10 29,10 29,19 33,19 33,24 47,24 47,29 48,29 48,1 41,1 41,0 40,0 40,3 39,3 39,0 6,0 6,12 2,12 2,18
alive 15 85 10,24 3,24 3,21 7,21
alive 13 94 46,41 46,44 41,44 41,40
alive 15 71 3,34 3,25 8,25
=
2 22
14 40
0
alive 85 300 12,30 12,17 13,17 13,10 44,10 44,13 43,13 43,20 42,20 42,12 43,12 43,11 41,11 41,19
alive 11 85 13,32 13,31 11,31 11,24
alive 40 94 13,30 13,18 14,18 14,17 28,17 28,28
alive 10 71 0,27 0,28 2,28 2,27 1,27 1,26 3,26 3,27
=
41 8
5 7
0
alive 265 305 0,44 0,48 14,48 14,49 15,49 15,41 29,41 29,40 14,40 14,47 3,47 3,46 9,46 9,45 1,45 1,44 2,44 2,43 0,43 0,30 30,30 30,34 31,34 31,38 32,38 32,47 33,47 33,49 43,49 43,48 34,48 34,38 33,38 33,37 32,37 32,29 20,29 20,5 24,5 24,4 17,4 17,11 16,11 16,6
alive 15 86 46,37 46,43 38,43
alive 5 94 18,9 18,13
alive 5 75 39,33 35,33
=
7 39
0 2
0
alive 95 305 8,25 18,25 18,21 26,21 26,17 35,17 35,44 21,44 21,40 18,40 18,41 15,41 15,39 20,39
alive 30 86 4,39 4,23 16,23 16,22
alive 40 94 8,26 24,26 24,27 22,27 22,28 24,28 24,29 22,29 22,30 24,30 24,31 25,31 25,24 27,24
alive 35 76 7,32 7,24 17,24 17,20 25,20 25,16
=
17 1
11 8
0
alive 70 305 23,36 34,36 34,35 22,35 22,38 13,38 13,37 11,37 11,38 10,38 10,33 11,33 11,34 32,34
alive 5 86 32,43 35,43 35,42
alive 55 94 26,12 29,12 29,16 43,16 43,15 30,15 30,11 17,11 17,13
alive 90 78 24,37 34,37 34,42 23,42 23,40 9,40 9,17 22,17 22,22 23,22 23,17
=
35 36
6 49
0
alive 205 309 46,42 45,42 45,43 44,43 44,40 46,40 46,38 42,38 42,48 47,48 47,47 43,47 43,46 48,46 48,45 46,45 46,44 47,44 47,32 21,32 21,4 4,4 4,27 19,27 19,31 8,31 8,30 18,30 18,29 7,29
alive 5 88 6,33 10,33
alive 15 94 20,29 20,26 9,26
alive 5 79 4,34 3,34 3,37
=
31 17
48 14
0
alive 140 309 16,32 24,32 24,47 29,47 29,48 35,48 35,49 41,49 41,45 44,45 44,47 47,47 47,43 46,43 46,46 45,46 45,5 33,5 33,6 30,6 30,11 28,11 28,12 29,12 29,22
alive 13 88 18,33 15,33 15,31 22,31
alive 10 96 15,26 12,26 12,24 13,24 13,21
alive 56 79 14,31 14,32 12,32 12,30 28,30 28,37 29,37 29,27 34,27 34,38
=
0 4
45 29
0
alive 125 309 49,0 17,0 17,2 13,2 13,25 33,25 33,35 37,35 37,32 48,32 48,17
alive 32 89 8,20 8,21 9,21 9,17 11,17 11,27 22,27 22,29
alive 15 96 1,13 1,14 2,14 2,2
alive 75 79 21,12 21,14 19,14 19,11 18,11 18,14 17,14 17,7 14,7 14,8 16,8 16,15 27,15 27,8 39,8 39,2 38,2 38,7
=
35 45
28 2
0
alive 115 310 23,18 23,16 15,16 15,15 14,15 14,4 19,4 19,0 48,0 48,1 25,1 25,2 20,2 20,3 24,3 24,21
alive 15 89 15,18 13,18 13,26 9,26
alive 35 96 22,19 14,19 14,40 15,40 15,36
alive 20 79 32,10 32,18 25,18 25,19 28,19
=
37 48
1 45
0
alive 220 312 35,6 38,6 38,8 24,8 24,12 20,12 20,11 23,11 23,10 21,10 21,9 22,9 22,8 20,8 20,6 34,6 34,5 20,5 20,4 46,4 46,2 32,2 32,3 29,3 29,1 14,1 14,2 16,2 16,4 17,4 17,13 27,13 27,9 39,9 39,6 48,6 48,0 31,0 31,2 30,2 30,0 26,0
alive 5 90 26,35 26,31
alive 15 96 16,30 16,16
alive 35 79 19,30 19,26 18,26 18,34 10,34 10,35 19,35 19,32
=
27 38
5 41
0
alive 60 312 27,17 27,3 35,3 35,2 26,2 26,17 17,17 17,20
alive 20 90 28,11 28,4 36,4 36,1 35,1
alive 55 96 43,38 43,48 44,48 44,43 46,43 46,42 44,42 44,41 46,41 46,40 44,40 44,39 47,39 47,28 46,28 46,38 45,38
alive 20 80 28,18 46,18 46,19
=
13 18
41 9
0
alive 195 317 18,40 36,40 36,45 35,45 35,41 3,41 3,42 5,42 5,48 6,48 6,47 48,47 48,39 6,39 6,38 0,38 0,14
alive 5 90 49,44 49,48
alive 5 96 17,40 13,40
alive 25 80 13,1 21,1 21,17
=
4 21
28 0
0
alive 155 319 11,6 15,6 15,5 16,5 16,4 14,4 14,5 12,5 12,4 13,4 13,3 12,3 12,2 21,2 21,6 22,6 22,7 10,7 10,5 9,5 9,6 8,6 8,4 10,4 10,1 29,1 29,3 30,3 30,30 29,30 29,9 27,9 27,4 26,4 26,17 27,17 27,18 23,18
alive 15 90 22,3 22,2 28,2 28,3 25,3 25,4 24,4 24,3
alive 50 98 22,40 22,39 21,39 21,38 23,38 23,47 15,47 15,42 21,42 21,40 20,40 20,37 30,37
alive 15 80 25,6 25,14 23,14 23,10
=
9 10
12 13
0
alive 150 322 49,12 37,12 37,13 44,13 44,17 41,17 41,20 39,20 39,34 38,34 38,19 40,19 40,17 36,17 36,16 43,16 43,14 5,14 5,13 9,13 9,12 5,12 5,7 7,7 7,11 8,11 8,3 9,3
alive 65 90 10,4 18,4 18,2 7,2 7,6 4,6 4,15 13,15 13,33
alive 15 99 13,40 13,38 14,38 14,35 13,35 13,37 12,37 12,39 10,39
alive 15 80 12,18 12,32
=
45 46
32 12
0
alive 105 322 1,28 3,28 3,30 6,30 6,29 4,29 4,27 0,27 0,30 2,30 2,34 10,34 10,41 11,41 11,33 3,33 3,32 11,32 11,27 6,27 6,26 0,26 0,25 6,25 6,11
alive 35 90 22,25 10,25 10,26 12,26 12,27 23,27 23,34
alive 35 99 32,23 32,25 23,25 23,26 24,26 24,27 37,27 37,34
alive 10 80 20,24 11,24
=
28 8
16 10
0
alive 155 325 4,0 4,2 2,2 2,1 3,1 3,0 0,0 0,37 2,37 2,10 3,10 3,4 5,4 5,0 9,0 9,23 13,23 13,35 24,35 24,36 25,36 25,38 31,38 31,37
alive 55 90 33,8 41,8 41,38 32,38 32,34 29,34
alive 40 100 8,18 8,24 12,24 12,36 21,36 21,41 18,41
alive 15 81 12,43 16,43 16,42 9,42 9,43 10,43
=
19 1
14 0
0
alive 125 326 30,6 26,6 26,5 30,5 30,4 28,4 28,3 30,3 30,2 26,2 26,1 31,1 31,7 25,7 25,0 15,0 15,4 1,4 1,19 4,19 4,28 5,28 5,24 12,24 12,29 14,29 14,34
alive 16 91 26,42 27,42 27,31 28,31 28,30 27,30
alive 5 100 27,26 27,27 26,27 26,29
alive 5 81 21,42 21,43 18,43
=
18 32
12 32
0
alive 235 334 13,43 8,43 8,44 9,44 9,46 11,46 11,48 0,48 0,46 3,46 3,43 4,43 4,38 0,38 0,37 14,37 14,46 18,46 18,47 31,47 31,49 32,49 32,46 19,46 19,44 15,44 15,36 1,36 1,27 18,27 18,28 2,28 2,35 19,35 19,43 20,43 20,45 41,45 41,46 44,46
alive 35 91 27,12 49,12 49,15 40,15
alive 20 101 18,22 18,21 36,21
alive 10 81 18,16 18,13 24,13
=
42 32
41 7
0
alive 155 334 6,40 5,40 5,44 18,44 18,43 6,43 6,42 15,42 15,41 7,41 7,40 8,40 8,39 6,39 6,38 9,38 9,36 17,36 17,35 8,35 8,37 4,37 4,49 5,49 5,45 19,45 19,36 37,36 37,35 27,35
alive 30 91 5,30 5,11 15,11
alive 65 104 48,25 48,10 47,10 47,40 36,40 36,37 38,37 38,35
alive 45 81 41,9 41,15 42,15 42,10 46,10 46,25 40,25 40,32
=
31 26
36 41
0
alive 50 334 21,27 21,19 23,19 23,11 24,11 24,9 36,9 36,10 42,10 42,11 43,11 43,15 44,15 44,17
alive 70 91 29,41 21,41 21,35 22,35 22,24 38,24 38,17 43,17 43,32
alive 42 104 16,26 15,26 15,27 18,27 18,28 19,28 19,8 18,8 18,21
alive 20 81 21,28 21,29 20,29 20,18 22,18 22,14
=
3 46
13 7
0
alive 270 336 9,19 9,18 13,18 13,20 7,20 7,21 18,21 18,20 19,20 19,25 20,25 20,31 23,31 23,32 24,32 24,30 21,30 21,29 43,29 43,30 46,30 46,48 26,48 26,49 25,49 25,45 41,45 41,43 0,43 0,16 27,16 27,2 14,2 14,0 21,0
alive 15 92 13,8 13,10 4,10 4,11 6,11
alive 15 105 8,18 1,18 1,17 7,17
alive 5 81 9,17 13,17
=
13 37
35 9
0
alive 65 336 49,48 37,48 37,49 36,49 36,44 9,44 9,38 11,38 11,37 4,37 4,35
alive 5 92 13,45 14,45 14,47 13,47
alive 8 107 49,44 49,47 45,47
alive 10 81 40,44 40,47 37,47 37,44
=
40 35
3 45
0
alive 215 339 16,15 16,0 28,0 28,2 47,2 47,22 46,22 46,19 24,19 24,20 23,20 23,34 41,34 41,43 42,43 42,33 24,33 24,21 25,21 25,20 33,20 33,26 44,26 44,35
alive 15 92 40,42 40,43 27,43
alive 15 108 37,44 23,44
alive 70 81 2,11 2,0 12,0 12,16 42,16 42,18
=
36 43
7 49
0
alive 255 349 2,49 2,37 1,37 1,48 0,48 0,0 10,0 10,6 11,6 11,0 19,0 19,10 15,10 15,12 14,12 14,7 4,7 4,8 5,8 5,29 3,29 3,48 17,48 17,49 25,49 25,48 18,48 18,44 21,44 21,43 15,43 15,42 43,42
alive 15 94 36,14 36,4 39,4 39,5
alive 5 108 36,40 36,39 35,39 35,41
alive 5 86 7,30 7,26
=
8 20
28 29
0
alive 130 349 16,22 16,21 17,21 17,30 2,30 2,43 0,43 0,29 16,29 16,23 14,23 14,18 6,18 6,7 4,7 4,6 2,6 2,5 16,5 16,6 11,6
alive 87 94 27,34 26,34 26,35 40,35 40,47 41,47 41,34 48,34 48,33 43,33 43,32 47,32 47,23 40,23 40,30 41,30 41,28
alive 5 108 16,20 17,20 17,19 15,19
alive 40 86 10,11 11,11 11,10 7,10 7,17 18,17 18,16 8,16 8,12
=
23 28
1 37
0
alive 322 356 12,49 1,49 1,48 13,48 13,49 42,49 42,42 48,42 48,41 46,41 46,34 47,34 47,40 48,40 48,0 45,0 45,30 41,30 41,48 14,48 14,46 29,46 29,45 0,45 0,35 22,35 22,34 3,34 3,19
alive 30 94 34,21 36,21 36,12 35,12 35,20 26,20
alive 25 108 21,33 4,33 4,26
alive 30 86 23,13 34,13 34,12 19,12 19,10
=
0 5
48 0
0
alive 140 356 0,4 22,4 22,0 43,0 43,7 44,7 44,26 42,26 42,29 38,29 38,30 37,30 37,31 34,31 34,38 28,38 28,39 19,39 19,45 16,45 16,49 13,49 13,40 14,40 14,41
alive 40 94 1,15 1,20 2,20 2,16 8,16 8,21 22,21 22,25
alive 35 109 18,7 18,13 28,13 28,9 30,9 30,19 32,19
alive 5 86 17,12 17,14 18,14 18,15
=
25 20
48 0
0
alive 10 356 0,22 9,22
alive 45 94 6,20 6,17 5,17 5,21 0,21 0,5 1,5 1,19
alive 39 109 5,4 5,0 8,0 8,13 9,13 9,5 18,5
alive 5 86 10,17 10,13
=
43 47
28 39
0
alive 170 358 18,16 18,10 19,10 19,9 16,9 16,10 17,10 17,17 19,17 19,28 22,28 22,31 24,31 24,34 0,34 0,25 6,25 6,5 20,5 20,27 23,27 23,30 24,30 24,29 41,29 41,24
alive 10 94 19,1 17,1 17,4 18,4 18,2 19,2
alive 15 111 4,39 2,39 2,36 0,36 0,35 6,35
alive 10 86 21,16 21,11 22,11 22,14
=
23 27
46 5
0
alive 170 361 45,14 35,14 35,13 44,13 44,12 36,12 36,11 42,11 42,10 44,10 44,9 46,9 46,17 44,17 44,18 43,18 43,17 35,17 35,16 45,16 45,15 34,15 34,21 33,21 33,13 34,13 34,10 41,10 41,8 48,8 48,32 44,32 44,42 34,42
alive 10 94 36,29 36,30 31,30 31,27
alive 35 111 21,2 21,1 22,1 22,18 23,18 23,15 24,15 24,5
alive 31 87 15,2 15,1 16,1 16,16 18,16 18,27
=
46 10
39 33
0
alive 100 362 7,4 13,4 13,5 9,5 9,6 29,6 29,8 36,8 36,10 37,10 37,15 36,15 36,13 21,13 21,8 8,8 8,6 6,6 6,3 13,3
alive 5 94 16,3 16,5 17,5 17,4
alive 5 112 3,11 3,15
alive 20 87 18,9 19,9 19,27
=
22 46
6 22
0
alive 200 365 41,37 40,37 40,38 41,38 41,43 21,43 21,45 16,45 16,29 14,29 14,28 17,28 17,44 20,44 20,42 40,42 40,41 19,41 19,43 18,43 18,18 6,18 6,17 5,17 5,46 8,46 8,48 11,48
alive 5 97 14,22 15,22 15,24 16,24
alive 15 113 24,37 24,36 22,36 22,35 19,35 19,28
alive 14 87 43,37 43,36 41,36 41,35 32,35
=
45 25
48 0
0
alive 120 365 42,1 42,10 38,10 38,24 35,24 35,9 41,9 41,1 33,1 33,0 43,0 43,7 44,7 44,14 39,14 39,31 43,31
alive 35 97 34,20 34,13 33,13 33,26 38,26 38,25 34,25 34,22
alive 25 113 27,25 17,25 17,24 5,24 5,25
alive 30 87 21,24 18,24 18,23 5,23 5,12 6,12
=
19 3
37 0
0
alive 190 370 0,49 0,46 2,46 2,48 32,48 32,49 41,49 41,1 40,1 40,48 33,48 33,47 30,47 30,41 1,41
alive 50 97 6,27 0,27 0,28 11,28 11,33 12,33 12,29 13,29 13,18 15,18 15,15 19,15
alive 5 115 19,33 19,37
alive 5 88 19,27 15,27
=
41 19
36 23
0
alive 140 370 47,4 47,31 48,31 48,4 49,4 49,3 24,3 24,12 19,12 19,15 21,15 21,48 16,48
alive 5 99 30,39 26,39
alive 20 116 19,18 19,16 20,16 20,22 18,22 18,14
alive 5 88 18,23 20,23 20,24 19,24
=
31 40
32 25
0
alive 100 370 9,5 9,9 19,9 19,0 11,0 11,4 5,4 5,15 6,15 6,16 23,16 23,27 40,27
alive 25 100 14,15 10,15 10,10 21,10 21,6
alive 40 118 1,43 11,43 11,41 10,41 10,42 1,42 1,40 15,40
alive 35 88 14,25 13,25 13,17 19,17 19,33 20,33 20,31
=
6 33
12 30
0
alive 130 371 25,11 2,11 2,8 26,8 26,25 0,25 0,7 3,7 3,6 5,6 5,3 13,3 13,2
alive 10 101 27,21 27,14 29,14
alive 35 119 34,15 49,15 49,34
alive 5 91 28,19 28,18 31,18
=
27 29
37 47
0
alive 150 371 49,22 49,43 35,43 35,48 29,48 29,47 34,47 34,42 48,42 48,41 46,41 46,40 48,40 48,21 49,21 49,1 17,1
alive 5 101 21,43 17,43
alive 5 119 14,29 10,29
alive 20 92 24,48 28,48 28,47 18,47 18,48 21,48
=
36 7
3 24
0
alive 85 371 41,41 41,40 40,40 40,42 42,42 42,45 40,45 40,46 35,46 35,39 46,39 46,44 48,44 48,12 42,12 42,11 39,11
alive 20 101 34,38 34,39 32,39 32,40 30,40 30,41 32,41 32,46 34,46 34,45 33,45 33,44
alive 10 119 26,36 26,45
alive 105 92 42,40 45,40 45,45 46,45 46,47 32,47 32,48 15,48 15,28 16,28 16,27 17,27 17,26 13,26 13,8 12,8 12,16 6,16
=
11 11
19 4
0
alive 200 372 5,18 5,21 0,21 0,0 22,0 22,4 23,4 23,6 24,6 24,0 40,0 40,10 35,10 35,20 42,20 42,23 39,23 39,29 38,29 38,28 34,28 34,29 37,29 37,42 12,42 12,26 2,26
alive 15 101 23,43 37,43
alive 10 121 11,17 2,17
alive 25 92 25,20 25,37 31,37 31,38
=
24 18
32 13
0
alive 135 372 0,46 5,46 5,48 40,48 40,49 41,49 41,45 32,45 32,43 33,43 33,37 31,37 31,33 0,33 0,27 25,27
alive 40 101 48,24 48,46 47,46 47,49 46,49 46,46 45,46 45,49 44,49 44,46 43,46
alive 50 122 19,21 14,21 14,0 34,0 34,1 32,1
alive 10 93 15,28 14,28 14,29 11,29 11,30 14,30
=
33 16
35 3
0
alive 90 373 0,34 0,4 6,4 6,2 27,2 27,4 28,4 28,5 19,5 19,16 25,16
alive 20 102 4,42 2,42 2,25
alive 57 122 26,44 24,44 24,33 33,33 33,32 44,32 44,26 45,26 45,25 46,25 46,13 45,13
alive 15 95 0,35 0,36 1,36 1,24
=
29 25
36 16
0
alive 85 373 17,24 17,31 20,31 20,12 29,12 29,14 22,14 22,19 29,19 29,23 30,23 30,25 35,25 35,26 47,26
alive 30 103 45,27 48,27 48,39 38,39 38,40 35,40
alive 31 123 16,24 16,23 18,23 18,30 19,30 19,11
alive 30 95 49,28 49,40 48,40 48,42 38,42 38,46
=
31 13
47 32
0
alive 118 373 49,0 49,40 45,40 45,41 44,41 44,40 35,40 35,39 48,39 48,0 45,0 45,5
alive 5 104 40,13 41,13 41,15 40,15
alive 30 124 47,47 47,49 24,49 24,45
alive 10 96 27,39 23,39 23,44
=
5 44
8 19
0
alive 55 374 26,45 26,49 27,49 27,39 28,39 28,34 30,34 30,32 37,32 37,31 28,31 28,32 27,32 27,22
alive 5 104 2,3 2,2 5,2
alive 15 124 25,44 25,47 24,47 24,38 23,38
alive 15 96 32,33 38,33 38,30 33,30
=
22 9
38 11
0
alive 200 375 0,49 0,44 2,44 2,48 14,48 14,49 17,49 17,48 15,48 15,38 12,38 12,37 0,37 0,0 16,0 16,13 13,13 13,37 16,37 16,47 46,47 46,40
alive 40 104 38,40 38,41 30,41 30,45 22,45 22,32 27,32
alive 20 125 12,18 12,36 11,36
alive 40 97 41,48 40,48 40,49 39,49 39,48 38,48 38,49 18,49 18,48 30,48
=
9 22
10 14
0
alive 155 376 44,10 36,10 36,8 45,8 45,10 48,10 48,9 47,9 47,8 48,8 48,0 19,0 19,32 20,32 20,28 49,28 49,45 48,45 48,43 45,43
alive 19 104 39,34 39,38 31,38 31,34 30,34 30,33
alive 15 126 41,22 42,22 42,25 38,25 38,27 39,27 39,26 41,26
alive 20 97 30,41 30,40 32,40 32,39 30,39 30,35 29,35 29,43
=
43 43
44 30
0
alive 210 380 49,49 8,49 8,48 47,48 47,47 0,47 0,44 9,44 9,42 47,42 47,38 48,38 48,36 47,36 47,32 49,32 49,18
alive 15 104 6,8 6,6 7,6 7,17
alive 20 126 43,30 24,30
alive 85 97 9,10 9,4 1,4 1,24 4,24 4,25 6,25 6,24 5,24 5,23 2,23 2,5 8,5 8,19
=
19 3
6 36
0
alive 240 383 28,19 28,17 29,17 29,7 25,7 25,8 28,8 28,16 26,16 26,18 20,18 20,19 16,19 16,18 19,18 19,17 18,17 18,16 19,16 19,15 27,15 27,12 26,12 26,14 18,14 18,15 17,15 17,13 18,13 18,12 10,12 10,1 22,1 22,2 11,2 11,11 16,11 16,10 12,10 12,8 15,8 15,7 13,7 13,6 30,6 30,20 12,20 12,19 9,19 9,2 7,2 7,0 20,0
alive 10 107 36,34 38,34 38,41
alive 40 126 37,3 37,17 38,17 38,0 45,0
alive 12 98 6,27 6,21 11,21
=
1 11
33 5
0
alive 115 383 16,26 16,24 15,24 15,28 14,28 14,33 16,33 16,27 17,27 17,33 18,33 18,23 30,23 30,22 15,22 15,14 49,14 49,19
alive 55 109 16,35 15,35 15,40 14,40 14,34 18,34 18,39 19,39 19,24 32,24 32,27
alive 60 126 4,11 14,11 14,27 13,27 13,39 2,39 2,40 10,40
alive 10 98 12,12 13,12 13,20
=
40 16
19 29
0
alive 175 387 27,48 33,48 33,49 34,49 34,47 48,47 48,1 49,1 49,0 47,0 47,17 45,17 45,46 26,46 26,49 25,49 25,45 22,45 22,35 12,35 12,34 13,34
alive 5 110 5,44 3,44 3,42
alive 17 126 8,44 6,44 6,30
alive 30 98 15,20 15,12 22,12 22,11 9,11
=
26 14
48 7
0
alive 64 387 27,0 24,0 24,1 26,1 26,9 25,9 25,12 1,12 1,13 0,13 0,8 14,8
alive 5 110 30,14 30,18
alive 95 126 23,27 25,27 25,26 20,26 20,25 25,25 25,23 24,23 24,24 19,24 19,28 2,28 2,18 8,18 8,22 26,22 26,34
alive 10 98 28,1 32,1 32,6
=
27 38
30 36
0
alive 220 389 16,28 10,28 10,36 8,36 8,38 7,38 7,35 9,35 9,33 8,33 8,34 5,34 5,35 4,35 4,32 7,32 7,25 17,25 17,38 18,38 18,44 10,44 10,43 17,43 17,39 0,39 0,31 6,31 6,28 4,28 4,27 2,27 2,24 5,24 5,6 16,6 16,0 48,0 48,11
alive 20 111 29,18 29,6 36,6
alive 20 128 22,10 22,3 18,3 18,7 20,7 20,6 19,6
alive 5 98 15,3 15,5 14,5 14,4
=
31 32
45 11
0
alive 135 390 0,48 5,48 5,49 16,49 16,36 13,36 13,37 15,37 15,48 6,48 6,47 14,47 14,46 0,46 0,44 8,44 8,40 0,40 0,26 3,26 3,21 4,21 4,27 1,27
alive 10 114 23,12 14,12
alive 25 130 31,11 12,11 12,9 15,9
alive 5 98 24,24 24,20
=
21 3
21 8
0
alive 220 391 26,45 26,47 47,47 47,46 45,46 45,45 48,45 48,20 43,20 43,15 48,15 48,0 22,0 22,1 32,1 32,19 34,19 34,20 38,20 38,27 39,27 39,24 40,24 40,44 22,44 22,46 21,46 21,49 12,49 12,44 10,44
alive 10 114 20,11 13,11 13,12 14,12
alive 5 131 35,7 33,7 33,8 34,8
alive 30 101 14,10 12,10 12,12 8,12 8,18 3,18 3,28
=
37 49
21 24
0
alive 245 396 32,34 31,34 31,35 28,35 28,34 30,34 30,33 28,33 28,32 33,32 33,34 35,34 35,35 41,35 41,34 36,34 36,33 40,33 40,32 39,32 39,31 25,31 25,32 27,32 27,42 29,42 29,41 28,41 28,40 34,40 34,39 28,39 28,37 29,37 29,38 33,38 33,37 30,37 30,36 43,36 43,38 47,38 47,37 46,37 46,36 45,36 45,35 44,35 44,34 43,34 43,33 42,33 42,32 41,32 41,31 40,31 40,30 39,30 39,29 38,29 38,28 37,28 37,27 36,27 36,30 21,30 21,37 20,37 20,43 21,43 21,38 26,38 26,39 22,39 22,43 48,43 48,19 47,19
alive 10 115 14,24 13,24 13,18 14,18 14,19
alive 15 132 8,24 8,17 15,17
alive 30 102 13,16 8,16 8,11 9,11 9,10 5,10 5,8 16,8
=
2 7
25 25
0
alive 195 399 9,48 24,48 24,49 25,49 25,47 8,47 8,49 7,49 7,41 3,41 3,21 0,21 0,6 1,6 1,20 4,20 4,39 10,39 10,40 39,40 39,39 38,39 38,38 40,38 40,30 27,30 27,24
alive 5 117 5,7 9,7
alive 40 134 25,19 30,19 30,11 32,11 32,9 38,9 38,8 30,8 30,9 31,9 31,10 27,10
alive 10 102 26,31 30,31 30,36
=
1 47
42 40
0
alive 75 400 34,49 1,49 1,48 35,48 35,49 36,49 36,45
alive 10 117 36,24 36,15
alive 5 134 28,41 24,41
alive 5 102 12,18 16,18
=
21 28
3 49
0
alive 235 405 47,35 6,35 6,25 2,25 2,29 0,29 0,48 1,48 1,42 48,42 48,34 7,34 7,30 20,30 20,20 5,20 5,13 3,13
alive 5 118 21,18 21,14
alive 5 136 21,23 21,19
alive 35 103 20,14 20,13 21,13 21,12 35,12 35,22 28,22
=
46 11
2 46
0
alive 140 408 18,2 2,2 2,1 12,1 12,0 0,0 0,3 18,3 18,22 19,22 19,1 14,1 14,0 21,0 21,24
alive 20 120 14,11 11,11 11,8 10,8 10,12 17,12 17,11
alive 5 136 0,46 0,42
alive 5 104 4,42 8,42
=
5 2
33 25
0
alive 170 410 1,20 1,49 2,49 2,47 21,47 21,45 23,45 23,30 15,30 15,2 21,2 21,0 10,0 10,3 9,3 9,14 1,14 1,19 8,19 8,28
alive 5 121 28,25 24,25
alive 25 136 18,49 3,49 3,48 11,48
alive 5 105 23,2 24,2 24,1 22,1
=
6 24
4 5
0
alive 140 412 2,2 0,2 0,0 31,0 31,1 3,1 3,4 0,4 0,47 16,47 16,48 25,48
alive 10 121 20,5 29,5
alive 40 138 43,24 43,38 35,38 35,33 34,33 34,42 36,42
alive 5 106 14,5 18,5
=
45 35
12 3
0
alive 95 414 5,23 5,27 22,27 22,31 25,31 25,30 44,30 44,41 47,41 47,20 36,20
alive 10 121 5,22 4,22 4,30
alive 11 139 4,11 4,12 13,12
alive 30 106 7,16 6,16 6,26 23,26 23,25
=
16 46
47 46
0
alive 190 415 20,23 20,40 28,40 28,45 31,45 31,49 34,49 34,45 35,45 35,41 47,41 47,17 45,17 45,0 32,0 32,1 44,1 44,28 33,28 33,43 30,43 30,40
alive 50 123 20,18 22,18 22,31 21,31 21,39 29,39 29,44 32,44 32,48 33,48 33,44
alive 20 139 19,21 21,21 21,22 19,22 19,36
alive 45 108 21,10 22,10 22,9 19,9 19,13 2,13 2,16 10,16 10,15 4,15
=
1 13
20 29
0
alive 165 416 23,34 21,34 21,33 25,33 25,31 24,31 24,32 18,32 18,31 5,31 5,35 3,35 3,36 1,36 1,21 0,21 0,2 1,2 1,1 0,1 0,0 33,0 33,14 25,14 25,28 23,28 23,31 19,31 19,30 17,30 17,26
alive 10 123 25,34 26,34 26,30 24,30 24,29 25,29
alive 85 141 21,38 26,38 26,47 8,47 8,39 9,39 9,37 42,37 42,45
alive 43 109 36,21 38,21 38,20 30,20 30,35 17,35 17,36 19,36
=
22 31
39 1
0
alive 30 416 42,0 42,11 24,11
alive 15 123 13,28 13,15 14,15
alive 30 141 19,44 13,44 13,39 7,39 7,27
alive 5 109 14,24 14,20
=
35 31
37 32
0
alive 175 420 0,49 0,46 1,46 1,48 35,48 35,49 36,49 36,41 35,41 35,39 1,39 1,43 0,43 0,38 42,38 42,9 47,9 47,8
alive 25 123 36,40 36,39 39,39 39,40 38,40 38,49 37,49 37,41
alive 5 142 9,40 13,40
alive 5 109 33,31 29,31
=
18 10
5 1
0
alive 130 423 41,38 48,38 48,46 49,46 49,37 40,37 40,28 26,28 26,34 7,34 7,37 6,37 6,32 22,32 22,31 12,31 12,30 19,30 19,29 17,29
alive 25 123 40,39 40,46 31,46 31,38
alive 20 142 37,21 40,21 40,25 28,25
alive 25 109 41,24 41,15 40,15 40,20 31,20
=
43 14
1 8
0
alive 120 424 42,7 42,2 43,2 43,5 44,5 44,7 47,7 47,6 45,6 45,4 44,4 44,2 46,2 46,5 48,5 48,4 47,4 47,3 48,3 48,0 41,0 41,8 49,8 49,23 48,23 48,21 42,21 42,14 41,14 41,12 37,12 37,1 27,1
alive 10 123 42,25 40,25 40,26 42,26 42,30
alive 5 142 21,16 19,16 19,17 20,17
alive 5 109 26,37 23,37 23,38
=
42 27
46 38
0
alive 160 425 17,36 17,32 18,32 18,27 13,27 13,21 12,21 12,19 11,19 11,1 3,1 3,2 9,2 9,5 8,5 8,33 7,33 7,25 1,25 1,1 0,1 0,0 12,0 12,16
alive 9 123 22,42 18,42 18,38
alive 30 143 16,36 16,38 17,38 17,37 18,37 18,33 22,33 22,17
alive 10 109 26,41 23,41 23,42 25,42 25,43 27,43
=
28 17
31 10
0
alive 110 425 1,26 6,26 6,27 1,27 1,28 0,28 0,25 6,25 6,11 11,11 11,2 0,2 0,0 37,0 37,5 40,5 40,6
alive 5 123 12,27 8,27
alive 5 145 5,17 3,17 3,18 4,18
alive 20 110 26,35 8,35 8,34
=
13 37
31 40
0
alive 80 426 32,6 36,6 36,5 32,5 32,4 37,4 37,7 32,7 32,9 31,9 31,3 22,3 22,0 1,0 1,1 5,1 5,10
alive 5 123 31,28 31,24
alive 20 146 39,1 31,1 31,2 38,2 38,5
alive 20 111 29,15 29,4 30,4 30,10 31,10
=
16 20
30 8
0
alive 220 431 5,0 13,0 13,13 5,13 5,12 4,12 4,2 10,2 10,1 3,1 3,7 1,7 1,18 2,18 2,19 35,19 35,22 36,22 36,24 37,24 37,21 42,21 42,18 36,18 36,17 26,17 26,11 25,11 25,12 24,12 24,10 14,10 14,5 36,5 36,9 38,9 38,0 26,0
alive 5 124 31,21 31,20 30,20 30,22
alive 5 146 4,0 2,0 2,2
alive 10 112 42,8 45,8 45,14
=
22 28
45 5
0
alive 165 434 0,36 2,36 2,48 25,48 25,49 26,49 26,45 34,45 34,46 35,46 35,44 31,44 31,38 30,38 30,43 23,43 23,38 22,38 22,29 19,29 19,28 8,28 8,17 18,17 18,15 0,15 0,0
alive 15 124 15,29 2,29 2,30
alive 20 146 35,5 24,5 24,6 17,6
alive 15 112 39,6 25,6
=
36 12
48 32
0
alive 105 435 36,4 25,4 25,3 34,3 34,2 36,2 36,1 19,1 19,5 37,5 37,0 9,0 9,2 5,2 5,3
alive 20 124 29,20 13,20 13,21 15,21
alive 55 146 17,37 0,37 0,33 25,33 25,31 30,31 30,32
alive 80 112 0,38 8,38 8,47 9,47 9,38 28,38 28,40 29,40 29,44 39,44 39,45 45,45 45,44 40,44 40,41
=
48 30
41 26
0
alive 255 438 0,47 0,49 12,49 12,46 11,46 11,48 1,48 1,47 2,47 2,46 0,46 0,40 5,40 5,33 3,33 3,32 22,32 22,33 15,33 15,47 20,47 20,49 21,49 21,45 30,45 30,31 38,31 38,26 37,26 37,16 35,16 35,12 48,12 48,0 20,0 20,16 1,16 1,19 2,19
alive 15 124 36,20 36,27 37,27 37,30 35,30 35,29
alive 25 146 14,15 12,15 12,6 18,6 18,13
alive 10 113 13,26 10,26 10,20
=
14 45
2 26
0
alive 105 439 0,36 0,39 1,39 1,35 0,35 0,31 32,31 32,27 47,27 47,32 48,32 48,0 46,0
alive 45 124 7,4 13,4 13,25 10,25 10,28 21,28
alive 35 147 3,0 13,0 13,3 29,3 29,8
alive 10 114 2,41 0,41 0,40 2,40 2,36
=
17 6
11 30
0
alive 110 439 6,49 6,9 7,9 7,21 8,21 8,4 15,4 15,0 42,0
alive 35 124 32,10 32,6 31,6 31,17 30,17 30,24 29,24 29,33
alive 65 149 22,3 30,3 30,16 26,16 26,24 17,24 17,28 8,28 8,37
alive 25 115 15,39 15,44 16,44 16,35 25,35
=
46 13
4 11
0
alive 250 445 34,11 18,11 18,12 16,12 16,39 11,39 11,42 48,42 48,38 43,38 43,35 29,35 29,34 30,34 30,32 47,32 47,36 48,36 48,0 19,0 19,10 8,10 8,21 7,21 7,13
alive 10 127 35,11 35,2
alive 10 151 35,16 26,16
alive 10 116 12,9 8,9 8,4
=
39 7
49 6
0
alive 201 448 49,26 49,42 48,42 48,47 43,47 43,44 35,44 35,43 44,43 44,46 47,46 47,41 48,41 48,25 49,25 49,24 47,24 47,40 46,40 46,45 45,45 45,39 46,39 46,37 45,37 45,38 44,38 44,22 45,22 45,9 44,9 44,21 43,21 43,14 42,14 42,40 41,40 41,34
alive 15 130 22,32 13,32 13,37
alive 10 152 18,31 12,31 12,32 10,32
alive 20 117 10,33 12,33 12,35 3,35 3,38 6,38
=
3 28
35 26
0
alive 122 449 20,2 35,2 35,6 33,6 33,4 23,4 23,3 19,3 19,1 36,1 36,0 15,0 15,4 9,4 9,9 10,9 10,6 14,6 14,25
alive 5 130 19,35 19,39
alive 45 152 36,5 36,2 39,2 39,22 38,22 38,23 42,23 42,32 45,32
alive 20 118 2,29 2,30 0,30 0,34 4,34 4,30 3,30 3,33
=
23 45
0 48
0
alive 190 450 5,42 26,42 26,41 31,41 31,42 44,42 44,43 6,43 6,47 5,47 5,49 4,49 4,41 25,41 25,40 17,40 17,36 3,36 3,35 18,35 18,39 31,39 31,40 32,40 32,41 33,41 33,35 31,35
alive 35 130 34,44 45,44 45,41 34,41 34,34 32,34
alive 15 152 23,20 24,20 24,19 22,19 22,25 23,25 23,22
alive 20 118 22,36 22,38 23,38 23,26 22,26 22,29
=
10 1
5 31
0
alive 180 453 1,25 12,25 12,35 3,35 3,36 10,36 10,39 4,39 4,38 7,38 7,37 0,37 0,0 35,0 35,3 39,3 39,5 40,5 40,13 41,13 41,14 42,14 42,2 36,2 36,0 43,0
alive 15 131 26,19 37,19 37,22
alive 25 154 33,1 34,1 34,4 37,4 37,8 39,8 39,14 40,14 40,18
alive 15 118 33,3 33,5 36,5 36,9 38,9 38,12
=
25 15
27 1
0
alive 105 453 46,16 39,16 39,18 46,18 46,23 45,23 45,25 44,25 44,27 42,27 42,23 38,23 38,4 40,4 40,3 37,3 37,23 36,23 36,29 35,29 35,22 36,22 36,16
alive 45 131 47,14 39,14 39,15 47,15 47,29 41,29 41,24 40,24 40,25
alive 45 155 12,39 1,39 1,17 11,17 11,16
alive 5 120 20,38 16,38
=
5 34
39 1
0
alive 50 453 33,9 40,9 40,12 32,12 32,11 39,11 39,10 32,10 32,9 30,9 30,8 41,8
alive 10 132 33,6 33,2 32,2 32,6
alive 15 155 10,37 10,47 14,47
alive 15 121 33,18 33,32
=
34 6
0 32
0
alive 90 454 48,35 48,30 46,30 46,48 48,48 48,36 49,36 49,28 45,28 45,38 43,38 43,39 42,39 42,42 44,42 44,49 43,49 43,44 38,44
alive 20 132 34,7 34,9 28,9 28,18 26,18
alive 45 155 28,8 27,8 27,17 18,17 18,19 13,19 13,20 19,20 19,26 14,26
alive 15 121 34,17 34,19 28,19 28,24 27,24
=
43 47
29 9
0
alive 105 456 22,14 20,14 20,13 22,13 22,12 20,12 20,11 19,11 19,14 16,14 16,13 18,13 18,12 16,12 16,11 18,11 18,10 16,10 16,9 22,9 22,10 23,10 23,15 15,15 15,6 22,6 22,0 26,0 26,2 25,2 25,1 24,1 24,2 23,2 23,3 25,3 25,4 24,4 24,6 25,6 25,11 27,11 27,12 26,12 26,13 25,13 25,14 26,14
alive 27 134 35,18 36,18 36,19 29,19 29,36
alive 25 156 37,19 37,18 38,18 38,15 36,15 36,16 37,16 37,17 35,17 35,16 30,16 30,15 29,15 29,16 26,16
alive 30 122 39,21 39,47 38,47 38,45
=
49 17
35 9
0
alive 200 458 45,28 45,35 44,35 44,36 46,36 46,27 26,27 26,23 47,23 47,38 48,38 48,25 49,25 49,21 34,21 34,7 15,7 15,8 17,8 17,28 14,28 14,31 10,31 10,32 9,32 9,42 8,42 8,39 5,39
alive 15 134 16,9 16,21 14,21
alive 10 156 21,6 14,6 14,8
alive 30 123 44,29 44,34 43,34 43,36 22,36
=
28 45
28 48
0
alive 250 467 2,1 2,47 0,47 0,0 12,0 12,13 3,13 3,18 11,18 11,33 9,33 9,34 8,34 8,37 7,37 7,28 5,28 5,27 4,27 4,46 17,46 17,47 30,47 30,49 35,49 35,44 40,44 40,36
alive 20 134 19,25 19,6
alive 30 156 26,2 26,0 27,0 27,6 28,6 28,0 37,0 37,2 36,2 36,3
alive 30 123 28,27 28,18 30,18 30,7 26,7 26,9 27,9
=
35 6
4 14
0
alive 110 467 14,12 15,12 15,10 16,10 16,6 17,6 17,24 18,24 18,5 14,5 14,11 5,11 5,12 13,12 13,32 14,32 14,25 20,25
alive 50 134 41,6 48,6 48,36 36,36
alive 5 156 15,14 16,14 16,13 14,13
alive 35 123 20,28 21,28 21,14 20,14 20,24 19,24 19,17
=
0 4
7 46
0
alive 190 467 1,29 1,32 2,32 2,26 4,26 4,36 2,36 2,37 3,37 3,38 4,38 4,39 0,39 0,20 5,20 5,23 6,23 6,17 10,17 10,4 21,4 21,0 43,0 43,4 48,4 48,10 43,10 43,11 42,11 42,15 38,15 38,16 37,16 37,12 34,12 34,11 31,11 31,5 40,5 40,14 41,14
alive 15 135 44,3 49,3 49,12
alive 45 156 23,10 23,4 22,4 22,26 34,26 34,25 32,25
alive 10 123 1,27 1,21 4,21
=
7 44
11 21
0
alive 180 472 0,20 0,19 2,19 2,12 3,12 3,8 6,8 6,5 7,5 7,0 17,0 17,1 16,1 16,2 27,2 27,7 25,7 25,8 19,8 19,10 18,10 18,12 16,12 16,14 11,14 11,13 15,13 15,11 17,11 17,10 14,10 14,12 10,12 10,11 13,11 13,10 12,10 12,9 10,9 10,7 11,7 11,6 26,6 26,3 10,3 10,6 7,6 7,15 26,15
alive 35 136 24,0 18,0 18,1 42,1 42,4
alive 50 156 4,39 4,14 5,14 5,17 7,17 7,20 22,20
alive 25 124 0,21 1,21 1,20 2,20 2,24 3,24 3,13 4,13 4,9
=
4 38
25 4
0
alive 100 472 7,24 12,24 12,25 15,25 15,29 20,29 20,42 34,42 34,28 16,28 16,27 32,27 32,26 31,26 31,25 33,25
alive 25 137 25,19 25,20 21,20 21,21 39,21
alive 40 156 4,27 4,26 8,26 8,25 6,25 6,3 15,3
alive 5 126 8,23 12,23
=
5 14
2 6
0
alive 290 478 22,24 32,24 32,22 21,22 21,31 20,31 20,28 3,28 3,24 0,24 0,32 3,32 3,31 6,31 6,32 4,32 4,33 22,33 22,25 33,25 33,21 18,21 18,27 4,27 4,26 17,26 17,21 0,21 0,0 47,0 47,9 46,9 46,2 33,2
alive 40 137 2,35 2,34 0,34 0,33 3,33 3,34 23,34 23,26 26,26
alive 15 156 5,37 6,37 6,35 5,35 5,36 0,36 0,37 3,37
alive 5 127 5,40 6,40 6,38 5,38
=
48 22
12 3
0
alive 85 478 0,19 0,0 3,0 3,4 1,4 1,12 2,12 2,19 9,19 9,16 6,16 6,11 2,11 2,9 4,9 4,0 9,0
alive 70 137 11,35 11,38 1,38 1,25 0,25 0,24 3,24 3,23 0,23 0,22 3,22 3,21 0,21 0,20 10,20 10,10 15,10
alive 30 157 11,3 5,3 5,4 6,4 6,7 15,7 15,6 9,6 9,4
alive 55 127 12,35 12,41 11,41 11,46 12,46 12,42 14,42 14,37 27,37 27,36 24,36 24,23
=
30 13
15 7
0
alive 155 479 38,30 38,13 36,13 36,11 26,11 26,13 27,13 27,15 29,15 29,17 23,17 23,19 37,19 37,31 38,31 38,32 39,32 39,8 19,8 19,9 18,9 18,10 19,10 19,39
alive 15 139 29,25 21,25 21,19
alive 5 157 26,15 26,14 25,14 25,13 24,13
alive 10 127 28,31 20,31 20,30
=
39 24
47 7
0
alive 195 486 14,42 14,43 1,43 1,48 30,48 30,49 40,49 40,48 31,48 31,47 40,47 40,46 37,46 37,45 45,45 45,44 43,44 43,43 48,43 48,30 49,30 49,29 46,29 46,21 41,21 41,20 40,20 40,19 39,19 39,20 37,20 37,33 16,33 16,37 15,37 15,40 14,40 14,41 13,41 13,42 4,42
alive 45 139 31,32 15,32 15,36 14,36 14,39 6,39 6,38 8,38 8,37 3,37 3,36 5,36
alive 5 157 2,28 2,29 5,29
alive 5 128 21,42 20,42 20,45
=
20 10
39 40
0
alive 210 488 49,0 49,32 22,32 22,31 48,31 48,11 47,11 47,7 21,7 21,12 4,12 4,2 15,2 15,1 43,1
alive 36 139 27,42 26,42 26,49 0,49 0,48
alive 5 158 22,9 22,10 24,10 24,9
alive 15 129 23,45 9,45
=
41 43
47 14
0
alive 190 490 42,6 48,6 48,2 47,2 47,5 42,5 42,0 43,0 43,4 46,4 46,3 44,3 44,2 45,2 45,1 44,1 44,0 49,0 49,44 47,44 47,45 39,45 39,44 46,44 46,43 48,43 48,7 41,7 41,0 15,0 15,2
alive 20 139 3,13 3,2 11,2
alive 5 158 35,43 31,43
alive 5 129 19,37 19,33
=
49 29
0 47
0
alive 215 493 12,48 48,48 48,36 49,36 49,33 46,33 46,32 45,32 45,47 11,47 11,49 10,49 10,46 0,46 0,3 11,3 11,4 2,4 2,26 3,26 3,31
alive 80 140 9,44 1,44 1,45 11,45 11,46 23,46 23,45 22,45 22,44 21,44 21,43 7,43 7,42 4,42 4,36 22,36
alive 10 161 24,28 24,19
alive 65 132 26,17 26,7 31,7 31,36 24,36 24,34 22,34 22,25
=
4 39
3 42
0
alive 160 501 16,15 6,15 6,14 8,14 8,13 11,13 11,11 4,11 4,22 12,22 12,49 13,49 13,38 18,38 18,37 15,37 15,31 16,31 16,25 19,25 19,16 18,16 18,15 17,15 17,14 19,14 19,10 0,10 0,7 6,7 6,4
alive 10 142 6,8 7,8 7,4 10,4 10,3
alive 10 161 17,36 16,36 16,32 17,32 17,29
alive 5 132 23,14 27,14
=
19 11
17 2
0
alive 140 503 3,48 0,48 0,42 1,42 1,46 4,46 4,48 24,48 24,49 25,49 25,40 19,40 19,39 25,39 25,34 4,34 4,30 0,30 0,29 13,29 13,1
alive 55 143 29,39 29,49 28,49 28,35 27,35 27,49 26,49 26,36
alive 30 161 26,7 46,7 46,16
alive 10 132 25,1 34,1
=
38 16
29 8
0
alive 235 506 43,48 48,48 48,47 49,47 49,45 48,45 48,46 46,46 46,47 42,47 42,49 16,49 16,44 13,44 13,42 2,42 2,41 26,41 26,34 47,34 47,4 48,4 48,0 19,0 19,37 25,37 25,40 24,40 24,39 22,39
alive 25 145 48,32 48,40 41,40 41,48 40,48
alive 10 163 18,5 18,14
alive 15 134 40,11 45,11 45,17 42,17
=
40 14
7 32
0
alive 205 514 10,48 13,48 13,46 9,46 9,48 1,48 1,47 8,47 8,27 5,27 5,16 6,16 6,25 7,25 7,14 0,14 0,0 19,0 19,32 20,32 20,33 21,33 21,46 24,46 24,49 27,49 27,46 26,46 26,48 25,48 25,37 23,37 23,34 24,34
alive 5 145 9,34 9,30
alive 20 163 41,42 41,44 40,44 40,46 33,46 33,39
alive 40 134 39,39 39,43 40,43 40,35 39,35 39,37 36,37 36,36 37,36 37,33 38,33 38,32 39,32 39,31 40,31 40,22 41,22
=
24 49
8 0
0
alive 41 514 0,49 0,34 6,34 6,26 3,26 3,24 9,24
alive 25 145 1,48 1,35 7,35 7,34 11,34
alive 35 164 11,22 4,22 4,21 15,21 15,23 3,23 3,22
alive 5 134 17,4 17,8
=
