33 21
34 42
0
alive 190 3 13,38 13,40 14,40 14,41 18,41 18,37 8,37 8,36 25,36 25,41 26,41 26,46 25,46 25,42 3,42 3,49 2,49 2,8 1,8 1,49 0,49 0,30
alive 30 0 43,3 43,4 48,4 48,3 44,3 44,0 45,0 45,2 48,2 48,1 46,1 46,0 49,0 49,2
alive 25 1 19,35 8,35 8,22
alive 10 0 25,21 18,21 18,19
*
15 1
24 6
0
alive 195 6 17,37 17,45 16,45 16,46 15,46 15,45 14,45 14,46 13,46 13,47 21,47 21,48 13,48 13,49 10,49 10,48 9,48 9,49 8,49 8,48 7,48 7,49 6,49 6,48 5,48 5,49 4,49 4,48 3,48 3,49 2,49 2,48 1,48 1,49 0,49 0,47 11,47 11,48 12,48 12,44 16,44 16,40 9,40 9,43 6,43 6,42 5,42 5,41 4,41 4,38 1,38 1,40 0,40 0,17 5,17 5,40 6,40 6,41 7,41 7,42 8,42 8,14
alive 5 2 47,1 49,1 49,0 48,0
alive 65 1 28,8 28,33 20,33 20,32 19,32 19,33 9,33 9,36 19,36 19,35 15,35
alive 10 2 16,1 16,10
*
21 0
1 29
0
alive 240 9 5,35 6,35 6,36 5,36 5,37 6,37 6,38 5,38 5,39 6,39 6,40 5,40 5,41 6,41 6,42 5,42 5,43 6,43 6,44 5,44 5,45 4,45 4,46 2,46 2,47 3,47 3,48 2,48 2,49 1,49 1,45 3,45 3,44 4,44 4,41 2,41 2,42 3,42 3,43 2,43 2,44 1,44 1,39 4,39 4,29 17,29 17,18 9,18 9,20 5,20 5,25 4,25 4,19 8,19 8,9 12,9 12,5 11,5 11,8 7,8 7,18 3,18 3,38 2,38 2,17 6,17 6,15 4,15 4,9 3,9 3,2 1,2 1,4 0,4 0,0 5,0
alive 160 5 28,24 28,44 37,44 37,37 40,37 40,33 41,33 41,37 42,37 42,33 48,33 48,34 44,34 44,36 48,36 48,38 38,38 38,44 42,44 42,39 48,39 48,40 43,40 43,44 44,44 44,41 48,41 48,42 46,42 46,44 49,44 49,49 43,49 43,46 44,46 44,48 48,48 48,45 42,45
alive 5 2 5,33 5,30 6,30
alive 5 2 20,29 20,28 18,28 18,29
*
32 32
41 22
0
alive 15 9 18,10 28,10 28,9 25,9
alive 165 5 10,45 27,45 27,44 0,44 0,28 9,28 9,23 28,23 28,44 37,44 37,37 40,37 40,33 41,33 41,37 42,37 42,33 48,33 48,34 44,34 44,36 47,36
alive 20 2 17,21 17,10 9,10
alive 20 2 48,32 49,32 49,40 47,40 47,46 46,46 46,45
*
45 44
44 26
0
alive 35 9 15,47 15,48 14,48 14,47 13,47 13,48 12,48 12,49 16,49 16,46 14,46 14,44 5,44 5,37
alive 165 5 44,10 44,3 46,3 46,2 48,2 48,1 46,1 46,0 49,0 49,49 27,49 27,48 42,48 42,45 46,45 46,46 44,46 44,48 48,48 48,41 37,41 37,46 26,46 26,48 20,48
alive 40 3 12,45 13,45 13,46 12,46 12,47 11,47 11,49 4,49 4,24
alive 40 2 32,41 15,41 15,45 16,45 16,42 30,42
*
31 13
8 19
0
alive 110 9 6,5 26,5 26,19 27,19 27,8 28,8 28,4 5,4 5,15 6,15 6,31 7,31 7,25
alive 45 5 46,32 47,32 47,31 44,31 44,30 43,30 43,19 44,19 44,14 48,14 48,4 46,4 46,2 48,2
alive 70 3 42,25 42,31 43,31 43,42 34,42 34,43 36,43 36,44 29,44 29,36 28,36 28,47 17,47
alive 30 2 41,23 41,30 37,30 37,22 28,22 28,21
*
30 49
33 43
0
alive 105 10 4,16 4,13 3,13 3,17 13,17 13,18 14,18 14,12 9,12 9,11 18,11 18,23 22,23 22,34 23,34 23,31 25,31 25,46 24,46 24,40 16,40
alive 120 6 43,30 41,30 41,16 35,16 35,6 36,6 36,15 42,15 42,29 45,29 45,32 48,32 48,31 46,31 46,25 48,25 48,24 46,24 46,15 45,15 45,12 46,12 46,13 47,13 47,8 48,8 48,0 44,0
alive 5 4 32,38 32,34
alive 25 2 5,15 5,7 21,7
*
40 49
13 32
0
alive 45 10 3,4 3,11 4,11 4,6 16,6 16,3 2,3 2,5
alive 130 6 13,16 13,15 18,15 18,13 17,13 17,12 35,12 35,6 37,6 37,1 46,1 46,2 38,2 38,3 47,3 47,33 48,33 48,4
alive 5 4 15,7 19,7
alive 15 2 40,35 40,28 43,28 43,24
*
18 21
5 20
0
alive 107 11 12,8 7,8 7,43 6,43 6,48 5,48 5,47 3,47 3,10 1,10 1,11 2,11 2,12 1,12 1,13 2,13 2,14 1,14 1,15 2,15 2,16 1,16 1,17 2,17 2,18 1,18 1,19
alive 220 11 46,36 45,36 45,40 46,40 46,38 48,38 48,40 49,40 49,42 34,42 34,43 18,43 18,26 41,26 41,25 42,25 42,27 43,27 43,13 39,13 39,11 44,11 44,15 45,15 45,6 40,6 40,4 39,4 39,3 38,3 38,0 39,0 39,2 41,2 41,5 42,5 42,1 40,1 40,0 43,0 43,4 48,4 48,3 44,3 44,0 45,0 45,2 48,2 48,1 46,1 46,0 49,0 49,5 46,5 46,23
alive 20 4 13,10 13,8 16,8 16,12 26,12
alive 10 2 18,20 18,13 20,13
*
11 31
45 8
0
alive 115 11 22,37 15,37 15,41 14,41 14,37 7,37 7,36 23,36 23,40 24,40 24,28 29,28 29,3 27,3 27,2 19,2 19,0 18,0 18,2 17,2 17,1 16,1 16,2 14,2 14,3 18,3
alive 50 11 32,10 32,49 42,49
alive 45 5 27,9 26,9 26,6 27,6 27,8 28,8 28,5 20,5 20,8 25,8 25,15 23,15 23,16 24,16 24,17 28,17 28,16
alive 46 2 22,33 22,35 7,35 7,7
*
2 47
38 32
0
alive 128 13 49,6 38,6 38,16 39,16 39,17 28,17 28,18 22,18 22,39 33,39 33,43 21,43 21,42 32,42 32,41 14,41 14,48
alive 35 12 30,0 16,0 16,5 2,5 2,6
alive 18 5 16,16 16,14 15,14 15,17 4,17
alive 25 2 10,15 12,15 12,14 1,14 1,7 4,7
*
32 36
30 28
0
alive 90 13 45,29 15,29 15,30 16,30 16,31 3,31 3,32 4,32 4,33 3,33 3,34 1,34 1,35 2,35 2,36 1,36 1,37 2,37 2,38 1,38 1,39 2,39 2,40 1,40 1,41 2,41 2,42 1,42 1,43 2,43 2,44 1,44 1,45 2,45 2,46 1,46 1,47 2,47 2,48 1,48 1,49 0,49 0,43
alive 145 12 3,8 3,10 4,10 4,7 5,7 5,15 20,15 20,13 13,13 13,8 8,8 8,6 2,6 2,5 14,5 14,12 16,12 16,4 15,4 15,3 23,3 23,4 39,4 39,7 41,7 41,17 44,17 44,16 42,16 42,7
alive 50 5 29,20 29,16 26,16 26,5 25,5 25,13 24,13 24,5 23,5 23,14 21,14 21,15
alive 54 2 30,18 30,16 40,16 40,18 45,18 45,15 43,15 43,11 46,11 46,33
