20 6
44 10
0
alive 195 0 6,13 6,9 4,9 4,6 12,6 12,22 13,22 13,17 14,17 14,15 18,15 18,14 22,14 22,12 20,12 20,9 18,9 18,4 10,4 10,3 5,3 5,2 11,2 11,3 18,3 18,2 12,2 12,1 27,1 27,6 34,6 34,7 35,7 35,5 28,5 28,2 29,2 29,4 34,4 34,3 30,3 30,1 28,1 28,0 31,0 31,2 34,2 34,1 32,1 32,0 40,0 40,1 36,1 36,9
alive 25 1 11,10 11,14 6,14 6,29
alive 5 0 37,8 37,4
alive 5 3 5,14 5,15 2,15
*
0 41
25 44
0
alive 225 5 9,46 12,46 12,48 8,48 8,46 6,46 6,48 4,48 4,46 2,46 2,48 0,48 0,45 15,45 15,46 24,46 24,49 25,49 25,45 16,45 16,44 1,44 1,19 6,19 6,12 15,12 15,11 6,11 6,5 7,5 7,2 5,2 5,8 0,8 0,7 4,7 4,2 3,2 3,6 0,6 0,5 2,5 2,2 1,2 1,4 0,4 0,0 27,0
alive 20 2 26,1 23,1 23,8 24,8 24,2 25,2 25,3
alive 15 1 26,22 35,22 35,27
alive 45 3 26,8 35,8 35,16 31,16 31,15 29,15 29,14 32,14 32,15 34,15 34,14 33,14 33,13 28,13 28,18
*
48 0
32 45
0
alive 65 5 2,44 5,44 5,45 1,45 1,44 0,44 0,40 9,40 9,48 8,48 8,41 2,41 2,42 7,42 7,48 6,48 6,43 5,43
alive 20 5 9,13 4,13 4,14 11,14 11,20
alive 25 1 22,32 19,32 19,30 18,30 18,33 28,33 28,36 30,36
alive 65 3 12,18 12,26 13,26 13,2 36,2 36,1 43,1
*
19 28
15 46
0
alive 180 5 32,18 32,24 33,24 33,26 34,26 34,17 32,17 32,16 31,16 31,30 35,30 35,46 39,46 39,42 40,42 40,41 45,41 45,42 41,42 41,46 42,46 42,43 46,43 46,44 43,44 43,46 44,46 44,45 46,45 46,46 45,46 45,47 46,47 46,48 48,48 48,38 49,38 49,29 48,29 48,32 46,32 46,34 48,34 48,36 46,36 46,38 47,38 47,40 46,40 46,39 42,39 42,38 44,38 44,31 46,31 46,28 48,28 48,20 49,20 49,19 48,19
alive 30 6 23,16 30,16 30,31 34,31 34,34
alive 50 1 8,29 14,29 14,28 4,28 4,23 15,23 15,30 6,30
alive 50 4 36,38 36,29 35,29 35,15 18,15 18,7
*
42 34
14 26
0
alive 235 6 0,25 0,0 1,0 1,32 4,32 4,43 6,43 6,44 7,44 7,45 10,45 10,39 9,39 9,44 8,44 8,41 7,41 7,36 14,36 14,34 16,34 16,27 15,27 15,6 13,6 13,28 15,28 15,33 9,33 9,32 10,32 10,31 14,31 14,29 13,29 13,30 9,30 9,31 7,31 7,27 12,27 12,8 11,8 11,16
alive 30 6 17,34 17,26 16,26 16,22 32,22
alive 105 2 0,26 0,33 3,33 3,44 5,44 5,45 6,45 6,46 10,46 10,47 14,47 14,46 11,46 11,45 14,45 14,44 11,44 11,43 17,43 17,42 11,42 11,41 17,41 17,40 11,40 11,39 17,39 17,38 8,38 8,37 17,37 17,36 16,36
alive 50 4 16,19 16,13 49,13 49,23
*
19 21
7 46
0
alive 218 11 42,32 42,33 43,33 43,34 37,34 37,46 42,46 42,48 49,48 49,21 44,21 44,13 47,13 47,16 48,16 48,0 36,0 36,20 33,20 33,21 36,21 36,22 48,22 48,47 43,47 43,45 38,45 38,44 44,44 44,46 47,46 47,32 43,32
alive 50 6 5,46 2,46 2,30 16,30 16,33 17,33 17,21
alive 20 2 38,32 40,32 40,33 36,33 36,39 30,39
alive 35 6 47,25 47,29 40,29 40,30 47,30 47,31 39,31 39,28 42,28
