35 19
5 31
0
alive 52 0 47,2 42,2 42,4 48,4 48,1 13,1
alive 5 0 35,12 35,8
alive 5 0 12,31 13,31 13,32 11,32
alive 35 0 32,40 23,40 23,16 22,16
=
38 5
46 0
0
alive 66 0 20,47 21,47 21,26 25,26 25,4 16,4 16,12
alive 25 0 46,6 46,19 35,19
alive 10 1 23,41 22,41 22,33
alive 5 0 18,47 14,47
=
22 10
1 28
0
alive 185 2 0,0 40,0 40,2 39,2 39,1 17,1 17,2 0,2 0,7 12,7 12,20 4,20 4,35 24,35 24,30 22,30 22,29 23,29 23,16 26,16 26,15 25,15
alive 5 1 3,30 3,34
alive 20 3 44,16 44,29 45,29 45,24
alive 5 0 22,5 22,4 25,4
=
3 2
17 18
0
alive 55 2 37,20 34,20 34,19 36,19 36,17 34,17 34,16 37,16 37,18 38,18 38,22 33,22 33,15 39,15 39,30
alive 25 1 23,25 38,25 38,31 35,31
alive 55 3 30,13 30,11 39,11 39,14 32,14 32,16 29,16 29,4 28,4 28,19
alive 45 0 18,24 38,24 38,23 17,23 17,22 18,22
=
42 7
41 46
0
alive 50 3 5,22 1,22 1,21 25,21 25,38 28,38
alive 35 1 22,15 22,18 21,18 21,19 26,19 26,18 23,18 23,14 34,14 34,15 31,15 31,16
alive 15 3 7,22 21,22
alive 5 0 27,7 25,7 25,5
=
21 15
4 8
0
alive 90 3 1,0 1,23 13,23 13,13 9,13 9,10 16,10 16,7 19,7 19,6 10,6 10,0 2,0
alive 40 1 9,39 24,39 24,30 27,30 27,22 26,22 26,25
alive 125 3 2,45 5,45 5,39 4,39 4,44 0,44 0,38 23,38 23,26 14,26 14,14 16,14 16,23 17,23 17,14 21,14 21,13 15,13 15,12 10,12 10,11 14,11
alive 65 0 23,43 22,43 22,40 21,40 21,43 14,43 14,44 24,44 24,49 27,49 27,46 30,46 30,43 28,43 28,44 29,44 29,45 27,45 27,36 26,36 26,40
=
38 47
45 2
0
alive 69 3 34,8 38,8 38,2 18,2 18,1 40,1 40,11 39,11 39,9 38,9 38,10
alive 10 2 32,8 23,8
alive 5 4 35,9 37,9 37,10 36,10
alive 5 0 45,7 41,7
=
23 5
48 2
0
alive 25 3 38,24 44,24 44,38 48,38
alive 10 2 39,25 43,25 43,26 39,26
alive 20 4 48,6 48,13 46,13 46,14 49,14 49,20
alive 20 0 46,12 45,12 45,13 38,13 38,14 43,14 43,18
=
22 37
45 5
0
alive 50 3 49,19 38,19 38,22 37,22 37,17 8,17
alive 30 2 48,18 38,18 38,16 21,16
alive 5 4 49,21 49,24 48,24
alive 15 0 44,17 39,17 39,15 32,15
=
17 24
10 43
0
alive 195 5 20,23 8,23 8,17 15,17 15,4 1,4 1,10 0,10 0,38 22,38 22,18 12,18 12,19 21,19 21,37 12,37 12,35 13,35 13,36 20,36 20,35 18,35 18,31
alive 35 3 30,23 23,23 23,24 44,24 44,29
alive 5 4 19,39 23,39
alive 55 1 28,22 23,22 23,20 45,20 45,34 39,34 39,35 43,35
=
20 4
39 42
0
alive 100 6 18,40 18,49 17,49 17,39 21,39 21,37 11,37 11,46 2,46 2,37 0,37 0,35 1,35 1,36 3,36 3,45 10,45 10,36 13,36
alive 30 3 17,13 8,13 8,5 4,5 4,1 0,1
alive 28 4 35,10 35,13 19,13 19,5
alive 53 2 24,45 19,45 19,40 22,40 22,37 31,37 31,36 35,36 35,35 14,35
=
8 30
48 5
0
alive 65 6 46,24 46,22 44,22 44,25 46,25 46,48 47,48 47,21 43,21
alive 20 3 43,37 43,47 34,47
alive 55 4 45,32 45,38 44,38 44,48 19,48 19,47 18,47 18,48 9,48
alive 5 2 40,21 40,22 43,22
=
14 10
23 12
0
alive 150 7 49,19 48,19 48,30 46,30 46,3 45,3 45,36 44,36 44,11 39,11 39,9 33,9 33,0 7,0
alive 5 4 21,5 25,5
alive 60 4 26,12 41,12 41,40 42,40 42,42 44,42 44,39 46,39 46,45
alive 5 4 3,0 4,0 4,3
=
24 36
35 21
0
alive 126 8 17,34 18,34 18,27 21,27 21,26 22,26 22,37 21,37 21,44 13,44 13,45 9,45 9,48 6,48 6,39 3,39 3,35 4,35 4,38 7,38 7,47 8,47 8,24 9,24 9,41
alive 10 4 11,32 11,23
alive 10 4 16,31 16,22
alive 5 4 17,32 17,28
